100 101
102 103
104 105
106 107
108 109
110 111
112 113
114 115
116 117
118 119
120 121
122 123
124 123
125 126
127 128
129 130
131 132
133 134
135 136
137 138
139 140
141 142
143 144
145 146
147 148
149 150
151 152
153 114
154 155
156 157
158 159
160 161
162 163
164 165
135 166
167 168
169 170
171 172
173 174
175 176
177 178
179 180
181 182
183 184
103 185
186 187
188 189
190 191
192 193
194 195
196 197
198 199
200 201
202 191
203 204
205 206
207 208
209 210
139 211
212 213
214 215
216 217
218 219
220 221
222 223
171 224
225 226
227 228
229 230
231 232
202 233
234 179
235 236
237 238
106 239
179 240
241 242
226 243
212 233
244 245
246 247
248 249
250 131
251 252
253 217
167 244
254 255
139 256
257 258
112 259
260 261
262 263
264 265
266 267
268 269
270 271
272 273
274 275
251 276
277 278
149 279
280 281
104 282
283 284
285 250
286 287
288 289
290 291
292 293
165 294
295 296
297 298
299 274
300 144
173 301
302 303
218 304
225 305
306 307
308 309
310 311
312 227
313 314
112 191
266 315
316 317
161 318
232 319
320 321
322 323
324 325
326 327
328 329
330 331
306 332
333 334
335 211
336 337
202 338
339 267
244 340
341 217
342 343
344 345
346 347
348 349
350 351
352 353
104 354
355 292
254 356
357 358
359 360
143 265
361 275
362 205
363 364
365 366
367 368
369 370
286 371
372 373
123 130
359 374
375 376
377 378
372 379
380 309
147 381
119 382
383 384
385 386
387 318
388 389
390 391
237 392
268 393
218 394
169 216
255 212
390 395
396 397
398 399
320 400
341 401
402 165
403 404
342 405
406 310
407 318
408 242
409 410
411 412
413 414
379 415
225 157
187 416
417 418
419 117
147 420
421 422
171 386
382 423
268 424
113 425
125 133
217 426
427 428
266 429
430 431
124 432
433 434
231 435
106 436
437 418
244 438
439 440
441 442
443 444
445 446
447 448
449 450
375 451
135 452
453 454
166 266
151 200
455 456
457 458
454 459
326 460
321 215
225 461
174 462
463 401
464 465
264 466
162 467
214 468
268 469
110 470
367 471
472 106
473 474
475 287
244 299
476 477
196 478
214 479
320 480
169 481
398 482
377 483
306 484
485 223
486 207
368 487
173 488
489 318
335 490
491 492
493 235
494 495
424 119
496 497
498 281
499 500
501 502
453 503
504 167
173 248
505 506
238 507
479 160
508 509
510 511
322 105
145 483
512 513
514 515
516 517
266 518
519 236
116 520
173 188
521 430
515 192
359 522
523 330
504 524
355 119
266 505
525 526
116 527
226 528
255 529
375 530
336 531
268 532
525 533
534 535
464 536
158 358
342 305
537 538
268 177
539 309
385 540
153 234
541 542
326 151
543 544
545 546
547 274
474 548
549 550
551 552
553 554
119 244
555 556
557 558
559 308
158 560
396 205
561 197
562 563
177 564
229 565
125 566
335 567
207 166
561 568
104 569
570 571
572 573
519 278
574 575
576 313
504 577
491 578
491 579
225 580
141 581
582 190
583 584
135 585
586 581
275 587
341 588
562 210
125 405
266 589
202 590
591 592
593 217
593 292
594 281
123 595
226 596
597 598
549 599
600 305
190 601
196 276
112 602
536 266
143 603
604 605
153 606
434 607
362 608
609 343
244 405
209 610
611 612
226 253
149 181
322 613
549 614
167 615
130 616
217 617
618 619
620 276
481 187
621 616
464 564
595 622
286 623
266 339
624 110
102 145
100 625
410 595
227 626
143 627
187 628
266 629
585 630
181 565
167 623
539 631
205 632
171 233
633 634
272 361
187 635
620 636
637 638
639 138
285 449
640 641
217 401
642 643
231 644
243 503
348 259
645 616
604 646
133 505
396 518
290 212
350 647
217 602
574 411
648 649
650 389
651 652
583 653
336 654
655 656
657 658
326 105
600 659
454 660
661 662
663 664
665 640
666 436
241 667
465 668
207 669
156 670
102 465
515 671
192 496
672 630
404 673
674 414
549 366
492 333
383 675
490 401
342 584
676 677
678 679
680 208
681 682
166 613
683 327
390 684
234 685
486 686
359 371
240 436
687 595
103 688
253 689
476 690
574 691
692 693
694 695
696 273
697 449
698 699
