circle31	1980	2121	1958	1957	2365	2395	2061	2218	2518	1973	1972	1943	2225	2376 2514
circle32	2443	2595	2457	2527	2483	2588
circle33	2629	2042	2436	2292	2635	2278	2302	2544	2463	136	2143	2128 1961
circle34	2535	2481	2570	2094	1961	2245	2126	2301	2167	2487 2349 2932
circle35	2598	1577	2292	2268	2518	1961	2491	2081	1465	2149	2128
circle36	2402	2099	2605	2413	1956	1915	2066	2517	2422	2177	2263	2371	2256	2057	2529	2026	2445	2502	2431	2534	2082	2524	2531	2227	2614	2454	2349	2400	2113	2513	2358	2632	2441	2129	2389	2010	2345	2497	2450	2100	2065	2291	2355	2251	2252	2298	2036	2270	1987	2312	1977	2249	2448	2295	2628	2230	2051	2544	2568	2169	2514	2288	2214	2130	2530	2449	2067	2265	1952	2137	2488	2528	2215	1913	2128
circle37	2003	2222	2415	2318	1970 1945
circle38	2394	2367	2336	2282	2138	2283	2072	2629	2398	2458	2571	2053	1920	2125	2047	2176	2294	2533	2054	2567	2543	2304	2332	2194	2592	2250	1718	2384	2642	2594	2187	2377	2148	2241	2445	2183	2451	2224	2068	2511	2419	2372	2333	2259	2598	2209	1945	2438	2516	2597	2475	2042	2608	2010	2087	2247	2519	2246	2471	2582	2436	2191	2223	2273	1577	2153	2589	2555	2292	2635	1955	2280	1923	2028	1947	2268	2038	2151	2649	2135	2196	2279	2347	2203	2289	2416	2643	1954	2319	2351	2102	2254	2420	2473	2472	2328	1932	2302	2189	2498	2117	2169	2007	2174	2491	2463	2461	2081	2163	1994	2071	1465	2032	136	2052	2338	2134	2399	2343	2111	2274	2315	1941	2127	2199	2133	1948	2616	2610	2143	2149	2039	2496
circle39	2344	2289	2328	2468
circle40	2054	2642	2653	2241	2598	1945	2273	2609	2151	2102	2032	2052	2465	2144	2599
circle41	2367	2402	2440	1949	2456	2119	2634	2411	2452	2540	2047	2176	2455	2049	2286	2186	2424	2181	2080	2017	1915	2397	2031	1933	2382	2178	2204	1937	2642	2238	2371	2120	2160	2029	2373	2541	2314	2437	2403	2523	2008	2534	2082	2342	2227	2310	2587	2614	2419	2175	2162	2277	2209	2321	2228	2013	2569	2105	1936	2158	2357	2322	1990	1996	1964	2557	2632	2581	1922	2562	2129	2412	2566	2570	1930	2360	2152	2379	2345	2656	2318	2089	2366	2155	2497	2362	2659	2193	2141	2242	1923	1934	2232	2038	2023	2316	2251	2236	2525	2035	2637	2272	2085	2341	1965	1944	2156	2289	2416	2036	2335	2618	2317	2361	2106	2421	2388	2503	2126	1960	2565	2448	2313	2406	2580	2628	2473	2612	2474	2182	2577	2168	2051	2498	2197	2117	2174	2114	2231	2130	2034	2041	2260	1926	2070	2480	2145	2603	2173	2091	2133	2610	2325	2146	2248	2405	2331	2211	1975	2296	1978
circle42	2250	2384	2529	2531	2372	2400	2389	2355	1976	2203	2312	2319	2616	1913
circle43	2598	2459	2470	2134 2531
circle44	2586	2073	2575	2229	1984	2244	2619	2433
circle45	2453	2505	1974	2208	2651 298
circle0	71	215	54	61	298	229	81	253	193	97	264	29	132	110	163	259	183	334	245	222
circle1	173 2357
circle2	155	99	327	140	116	147	144	150	270
circle3	51	83	237 2357
circle4	125	344	295	257	55	122	223	59	268	280	84	156	258	236	250	239	69
circle5	23 2357 2582
circle6	337	289	93	17	111	52	137	343	192	35	326	310	214	32	115	321	209	312	41	20
circle7	225	46 251
circle8	282 2357
circle9	336	204	74	206	292	146	154	164	279	73
circle10	42	14	216	2
circle11	324	265	54	161	298	76	165	199	203	13	66	113	97	252	313	238	158	240	331	332	134	218	118	235	311	151	308	212	70	211
circle12	278
circle13	138	131	68	143	86
circle14	175	227 123
circle15	108	208	251	125	325	176	133	276	198	271	288	316	96	246	347	121	7	3	170	323	56	338	23	109	141	67	345	55	114	122	50	304	318	65	15	45	317	322	26	31	168	124	285	255	129	40	172	274	95	207	128	339	233	1	294	280	224	269	256	60	328	189	146	77	196	64	286	89	22	39	190	281	117	38	213	135	197	291	21	315	261	47	36	186	169	342	49	9	16	185	219	123	72	309	103	157	277	105	139	148	248	341	62	98	63	297	242	10	152	236	308	82	87	136	200	183	247	290	303	319	6	314	104	127	25	69	171	119	79	340	301	188	142
circle88	3167	2921	3236	3048	2758	2747	3393	3323	3256	2878	2795	3050	3196	2675	3156	3107	2918	1726	2996	2955	3136	2831	2816	3369	2723	3027	3279	2950	3337	3380	3043	3307	2844	3276	3253	3409	3404	3075	3067	2865	3151	3249	2843	2772	2751	2686	2932	2718	3358	2730	3171	3032	3365	3312	2744	3134	3140	3199	2702	3385	3093	3418	2715	3264	2768	2665	2871	2801	2984	3189	2914	2825	3160	3144	2668	3087	3187	3255	2780	3219	3395	3326	3124
circle89	2941	1642	3329	1666	2727	990	3072	2734	3057	2700	3242	3342	2895	3407	2678	3164	107	3024	1726	3302	2688	3263	3373	3099	1656	2791	3097	2667	2859	2822	2690	3340	2848	3161	3431	3349	3278	2802	3020	2784	3215	2764	2813	3178	2971	3015	2677	2968	3330	2752	1450	2883	3331	2998	1758	3375	3374	2958	3211	2826	2803	2999	3110	3222	2868	1419	2693	3009	3319	1534	3305	3165	3011	3432	2818	3088	3245	2903	2760	3343	1505	2847	2819	2876	2735	2923	3258	2812	2882	3138	3230	3292	3335	2780	3205	2790	2856	3361
circle90	3105	3141	2902	3354	3053	3271	2930	3131	3216	3251	3181	3372	2732	3200	2788	3180	3122	2799	2861	2776	3218
circle91	3173	2915	2866
circle92	2972	2889	3311	2982	2699	3309	3283	2670	3314	3325	2879	3423	2834	2703	3318	2959	3382	3008
circle93	2979	3071	3328
circle94	3061	3081	3398	3405	2957	3308	3011	2685	3266
circle95	2777	3294	2754	2729	2676	2794	2766	3227	2906	2809	2759	2773	3137	3220	2905	2862	2948	3193	3114	3084	3384	2698	2749	2757	2931	2994	3303	3142	2666	3104	3392	3228	3250	3243	3085	2663	3362	2907	2731	2890	2851	2815	2827	3339	2680	2706	2669	3095	2837	3348	3026	2908	2925	3300	2987	2741	3010	3153	3213	2888	3044	2726	3045	2944	2806	2943	2689	3414	3184	3387	2874	2769	2873	3399	3014	3388	3195	3108	3363	3435	2920	2867	3119	2807	3123	2899	3158	2961	3033	3394	2877	2927	2928	3056	3135	2755	3428	3430	3029	3400	2940	2695	3237	3301	2953	2864	3293	2952	2956	3234	2850	3417	3129	2909	2763	2854	2681	2966	3143	2821	2738	2705	2896	2756	3436	2945	2832	2786	2985	3040	2800	2911	2839	2743	2884	3364	3117	3042	3231	2761	3324	3286	3092	3000	3090	2978	2750	2872	2897	3163	2694	2835	2683	3202	2852	2673	3078	3052	3183	2887	2988	3226	2912	2782	3333	2853	3055	2810	3257	3269	3098	2969	2746	2880	2910	3174	2913	3390	3030	2917	3232	2993	2946	3315	3064	3065	3004	2789	3023	3139	3080	3229	3317	3073	2974	2710	2798	3238	3304	3166	2679	3096	3433	2745	3284	2929	2960	2981	3413	2924	3426	2963	3047	3130	3025	2967	3022	3036	2919	2916	3059	2986	2664	3054	2891
circle96	2949	3128	1171	3126	2886	3083	3310	3322	3066	3336
circle97	2774	3074	2792	2691	2817	3127	3282	3147	3055	3037
circle98	2540	2047	2543	2332	2183	2094	1941
circle99	2014	2571	2009	2011	2657	1931	2639	2640	2645	1999	2000	1998	2284	2585	2001	2020	2192	2159	2024	2297	1921	1995	2004	2378	2006	2346	2116	2648	2647	2459	2337	2022	2658	2660	2659	2018	2268	2633	1976	2341	1968	1927	1954	2447	1928	2157	2472	1991	1950	2627	2626	1914	2016	2012	136	2364	2636	2494	2015	2097	2620	2583	1951	2538	1935	2143	2025	2027	2171	1919
circle100	2456
circle101	2108	2369	2046	2059
circle102	2439	2531	2185	2254	2548	2461	2558	2375	2219	2217	2621 2191
circle103	2567	2026	2191	2153	2498	1959
circle104	1923	1947	2134
circle105	2125	2543	2502	2224	2516	2519	2582	2649	2298	2643	2295	2163
circle106	2283	2099	2304	2358	2247	2246	2555	2230	2461	2052
circle107	2523 2031
circle108	2456	2047	2455	2543	2382	2204	2541	2437	2241	1985	2142	563	2042	2470	1923	1947	2344	2421	2174	1465	2266	2134	2034	428	2111	2096	2468
circle109	2176	2186	2031	2310	2419	2209	1964	2557	2641	2318	1923	2038	2525	2416	2133	2610	2325	2211	2296
circle110	2506	2573	2426	2561	2348	2098	2137
circle111	1956	2558	2528	2425
circle112	2142	2512	2560	2134
circle113  1889 5327 6478 9057 8964 1496 0728 8330 8744 5442 7381 8932 3291 2152 8540 7430 9468 2079 5303 5116 0175 3742 6689 6452 3518 5598 0242 2485 5383 4568 3298 4760 5949 8714 4390 4659 2911 9470 3852 6059 4170 8587 7205 7508 4866 1937 6492 3204 0496 0400 8801 9781
circle114  1360 2271 1954 3998 9107 5150 8809 7981 8296 3114 1476 5338 5657 9041 3940 8358 2765 7728 4405 8529 8586 1323 4928 7013 1910 5863 0215 5791 1455 2668 1320 0879 0758 5455 4841 4367 1839 0483 4693 0826 3262 0717 1902 3120 6368 4850 7382 7800 3872 1202 6686 6214 3994 0951 3792 7590 4309 9552 5706 1939 8176 2368 2388 3235 2330 8925 9155 0440 3744 6863 6240 3749 9413 9483 9691 9912 1173 0304 6230 1883 0442 8980 2605 0400 3058 7487 7382 4610 0860 7619 4792 7617 9920 8631 8646 1038 4015 2737 7876 0850 0210 4210 5195 2024 0055 7832 3288 1029 5482 7335 7709 5805 0632 7769 9015 5500 7937 7785 7430 2525 9932 1915 8762 3479 7516 8067 6477 3672 8659 1222 2561 4953 9403 1647 2121 2144 5731 4236 4260 9896 9675 0186 1918 9889 0096 3597 4815 7984 0090 8486 3737 0019 7148 8403 8386 3548 0170 6906 2033 5307 1541 3127 9281 6488 4349 0446 5286 9168 7187 7296 0466 5517 9306 4137 6414 1191 7634 3469 8916 6136 7361 3356 6830 8916 1259 3292 5486 9647 8288 5593 2126 3554 7334 9855 1256 3207 1552 1570 5916
circle115  9711 1954 9107 5150 4950 1512 8728 8938 8296 1723 2505 3940 1860 1143 1970 1108 8586 6296 6931 7013 4928 9345 1910 5863 0215 0758 4841 4367 1839 4693 0826 8476 3262 1902 9398 9682 9463 1662 2631 7382 7545 5999 3293 3061 6214 4779 3792 9877 5706 2368 4289 1152 2388 2456 8925 0440 4223 1190 3744 0725 9670 6863 6240 1837 8307 3749 0899 6230 0304 7818 1883 0442 2619 7061 8980 5538 2605 0302 3022 0400 3058 6570 7487 7382 8493 0860 4610 4792 9920 6373 1038 7876 2737 0850 8106 5825 0210 6887 5195 7758 2024 2474 3061 0055 3288 1029 7115 2679 5482 7709 5805 0632 8162 9888 7769 5500 7937 7785 7430 2525 5795 8279 7731 9932 8762 3479 5641 8297 3672 4953 6707 2163 0840 2144 3233 5119 1764 4236 5731 7064 4260 9896 0186 0255 1918 0096 0367 6947 7984 9555 0090 5807 8486 3737 0019 6463 7148 4660 3548 2235 0170 9414 3203 6696 5307 2033 1541 6488 9281 5286 3987 9474 2487 7187 0466 2364 9306 3157 4137 7634 8916 7361 4930 3356 2323 1532 6542 0799 2126 4662 7334 3554 0035 2816 5936 7368 1256 3207 9702
circle116  2595 9673 2095 0728 6397 9138 1520 6630 3873 2094 2765 7089 3227 8529 2887 6759 3189 8586 3590 2668 1455 0820 4647 2079 9883 3814 7210 4802 2953 8446 4695 3555 4121 6689 7505 6946 2201 4071 1902 3342 2756 6365 2485 6254 9490 4877 7716 4568 3809 1622 5706 4329 8714 1939 0499 5820 0538 2388 2456 1537 8925 6158 4737 6863 3334 2823 4916 1366 9298 3429 0304 7133 3102 1326 1764 6059 8707 9492 7382 0494 4610 8863 7897 9426 2737 0236 9145 4443 5450 7832 4444 9950 1029 4191 7036 1612 6351 5500 7937 1994 7516 0504 8659 1889 0850 0933 9418 8964 4906 0080 4281 1540 8618 8330 2924 5442 8967 5731 6691 0721 2520 3291 9172 3340 9261 3141 9468 8705 8045 6535 7688 5439 3679 8873 0767 9164 6906 0398 2033 3009 4319 5977 7243 6643 6923 7296 5634 7507 6014 7361 7495 0697 4760 5439 5915 3654 4221 2992 9604 9855 6112 3083 1101 1390 9730 3246 1964 1239 4817 6083 2041 6365 2981 7899 5527 7278 3354 4933 7344 6083 8574 2391 8587 2226 9010 1002 3204 5071 0400 8317 1215 7660 5219 3728 4241 9304 9679 5827 9323
circle117  8919 0331 2096 6190 6478 1939 1506 2593 7790 0524 3965 5881 4997 8109 2917 3511 6955 2152 3743 7447 6308 3002 2129 2403 3590 8929 2680 9194 2485 5474 3655 3501 7621 0165 1696 2297 1997 4782 2496 8787 6039 8369 0385 7061 2837 1183 4571 9342 6148 6478 1543 6307 6116 0242 2485 7566 0908 1055 5480 9411 3129 6992 7685 6640 1852 2795 2911 2125 7412 0090 6726 2673 5329 0217 0734 8745 6377 9472 8908 5019 7266 7215 1806 6833 0881 5335 0890 8863 1780 2762 9541 6266 2809 1708 9089 3319 3545 4992 3210 4511 0875 9066 2167 3350 2278 0472 3269 4462 4444 0302 8801 5176 9817 0840 4422 6289 8756 6642 6900 8336 0219 4414 2496 4201 0838 1146 1889 0882 2989 1929 0333 7716 2204 2254 7381 8035 5442 8932 5005 8339 5324 3291 1351 5049 6973 4844 5423 3915 5559 3308 8624 6019 6666 5952 6451 5139 2767 5303 0745 0935 1685 3679 2580 7347 2780 4032 6452 4467 0587 6732 9823 0551 7281 2918 8961 5598 1946 5450 2060 1931 3826 9944 3642 0267 7039 2735 0702 5195 3298 3892 9693 0089 8535 2568 5760 5949 8495 8474 2718
circle118  8845 8964 5763 4582 0642 9596 8178 4634 6877 8468 3142 7551 0518 3116 1350 6719 3332 1564 2372 3970 1248 9416 3465 0840 0934 6631 1839 9833 1912 9449 8053 6487 0612 7691 9605 0168 9062 8643 9623 7041 4880 7110 5824 5729 5156 8197 1339 8143 3408 7924 3512 3510 4110 7893 2055 9358 7164 6576 6893 0906 8569 3351 1114 5168 4817 5036 4644 6310 7999 0059 0442 2073 4141 4176 0329 2982 2398 8278 1197 2259 4673 5075 3917 8720 6236 0842 5569 1443 4151 0890 2380 2204 5388 6050 9125 7853 7780 8374 4014 8838 8661 1892 3837 5360 8452 1297 4375 7034 0505 2763 1454 0207 6562 0898 9689 3198 2993 0172 5818 0050 3248 5639 7482 0547 2925 7111 6956 7440 1071 2839 7744 6685 0439 6893 9357 4774 2642 7486 2363 1835 6011 7354 9303 3305 2296 6467 1406 0691 0083 2105 1113 8108 3809 5942 9742 8296 6249 0184 4554 9497 6536 0431 5230 3639 8855 6401 8267 0087 6053 5728 0313 9373 3676 0664 3990 2360 0442 0759 1658 4229 6477 3545 5479 3152 6548 2027 8370 4875 1802 2267 5362 2985 3227 1040 5243 0761 8861 0337 1307


