100 101
102 103
104 105
106 107
108 109
110 111
112 113
114 115
116 117
118 119
120 121
122 123
124 123
125 126
127 128
129 130
131 132
133 134
135 136
137 138
139 140
141 142
143 144
145 146
147 148
149 150
151 152
153 114
154 155
156 157
158 159
160 161
162 163
164 165
135 166
167 168
169 170
171 172
173 174
175 176
177 178
179 180
181 182
183 184
103 185
186 187
188 189
190 191
192 193
194 195
196 197
198 199
200 201
202 191
203 204
205 206
207 208
209 210
139 211
212 213
214 215
216 217
218 219
220 221
222 223
171 224
225 226
227 228
229 230
231 232
202 233
234 179
235 236
237 238
106 239
179 240
241 242
226 243
212 233
244 245
246 247
248 249
250 131
251 252
253 217
167 244
254 255
139 256
257 258
112 259
260 261
262 263
264 265
266 267
268 269
270 271
272 273
274 275
251 276
277 278
149 279
280 281
104 282
283 284
285 250
286 287
288 289
290 291
292 293
165 294
295 296
297 298
299 274
300 144
173 301
302 303
218 304
225 305
306 307
308 309
310 311
312 227
313 314
112 191
266 315
316 317
161 318
232 319
320 321
322 323
324 325
326 327
328 329
330 331
306 332
333 334
335 211
336 337
202 338
339 267
244 340
341 217
342 343
344 345
346 347
348 349
350 351
352 353
104 354
355 292
254 356
357 358
359 360
143 265
361 275
362 205
363 364
365 366
367 368
369 370
286 371
372 373
123 130
359 374
375 376
377 378
372 379
380 309
147 381
119 382
383 384
385 386
387 318
388 389
390 391
237 392
268 393
218 394
169 216
255 212
390 395
396 397
398 399
320 400
341 401
402 165
403 404
342 405
406 310
407 318
408 242
409 410
411 412
413 414
379 415
225 157
187 416
417 418
419 117
147 420
421 422
171 386
382 423
268 424
113 425
125 133
217 426
427 428
266 429
430 431
124 432
433 434
231 435
106 436
437 418
244 438
439 440
441 442
443 444
445 446
447 448
449 450
375 451
135 452
453 454
166 266
151 200
455 456
457 458
454 459
326 460
321 215
225 461
174 462
463 401
464 465
264 466
162 467
214 468
268 469
110 470
367 471
472 106
473 474
475 287
244 299
476 477
196 478
214 479
320 480
169 481
398 482
377 483
306 484
485 223
486 207
368 487
173 488
489 318
335 490
491 492
493 235
494 495
424 119
496 497
498 281
499 500
501 502
453 503
504 167
173 248
505 506
238 507
479 160
508 509
510 511
322 105
145 483
512 513
514 515
516 517
266 518
519 236
116 520
173 188
521 430
515 192
359 522
523 330
504 524
355 119
266 505
525 526
116 527
226 528
255 529
375 530
336 531
268 532
525 533
534 535
464 536
158 358
342 305
537 538
268 177
539 309
385 540
153 234
541 542
326 151
543 544
545 546
547 274
474 548
549 550
551 552
553 554
119 244
555 556
557 558
559 308
158 560
396 205
561 197
562 563
177 564
229 565
125 566
335 567
207 166
561 568
104 569
570 571
572 573
519 278
574 575
576 313
504 577
491 578
491 579
225 580
141 581
582 190
583 584
135 585
586 581
275 587
341 588
562 210
125 405
266 589
202 590
591 592
593 217
593 292
594 281
123 595
226 596
597 598
549 599
600 305
190 601
196 276
112 602
536 266
143 603
604 605
153 606
434 607
362 608
609 343
244 405
209 610
611 612
226 253
149 181
322 613
549 614
167 615
130 616
217 617
618 619
620 276
481 187
621 616
464 564
595 622
286 623
266 339
624 110
102 145
100 625
410 595
227 626
143 627
187 628
266 629
585 630
181 565
167 623
539 631
205 632
171 233
633 634
272 361
187 635
620 636
637 638
639 138
285 449
640 641
217 401
642 643
231 644
243 503
348 259
645 616
604 646
133 505
396 518
290 212
350 647
217 602
574 411
648 649
650 389
651 652
583 653
336 654
655 656
657 658
326 105
600 659
454 660
661 662
663 664
665 640
666 436
241 667
465 668
207 669
156 670
102 465
515 671
192 496
672 630
404 673
674 414
549 366
492 333
383 675
490 401
342 584
676 677
678 679
680 208
681 682
166 613
683 327
390 684
234 685
486 686
359 371
240 436
687 595
103 688
253 689
476 690
574 691
692 693
694 695
696 273
697 449
698 699
283 689
152 700
604 215
424 701
227 702
131 703
283 704
705 706
604 707
377 211
708 709
131 504
173 621
300 710
410 711
504 170
712 713
714 715
716 558
174 717
341 718
719 693
145 720
721 722
402 101
116 177
133 629
723 724
620 725
613 726
727 513
728 308
335 729
192 570
251 730
219 731
198 115
633 560
732 575
733 734
735 736
266 530
434 737
250 469
463 738
739 740
454 594
362 741
286 742
743 744
103 378
103 745
746 263
455 318
311 359
678 747
748 102
681 749
169 750
620 751
231 709
421 752
753 754
650 303
755 692
447 233
756 757
758 157
335 752
214 574
125 325
250 759
377 760
761 762
539 256
639 190
447 763
598 764
143 596
322 765
238 766
217 158
140 767
768 769
336 770
190 771
100 339
772 773
240 774
775 695
102 776
777 778
621 583
248 779
716 309
780 781
782 783
784 785
680 786
787 697
633 366
498 788
316 789
790 358
791 766
272 702
620 792
225 739
491 793
346 629
561 177
374 794
795 796
485 797
790 716
591 798
555 165
460 799
800 801
280 802
160 803
328 804
805 806
375 807
198 627
147 808
181 809
268 810
665 811
116 212
437 181
174 812
582 647
502 813
814 804
217 183
359 584
208 815
816 554
341 817
186 170
260 774
500 670
606 462
714 404
244 232
502 326
406 193
818 819
359 551
820 821
822 249
153 788
271 823
549 115
490 824
557 431
352 440
825 796
231 826
310 483
173 827
828 829
352 830
486 684
405 831
749 504
272 832
268 833
421 834
244 796
692 440
835 811
519 535
725 836
837 614
302 838
839 411
226 446
840 725
322 499
841 831
231 374
733 842
125 843
582 697
491 844
560 180
647 429
342 845
748 570
217 400
374 783
685 846
593 847
835 453
605 848
547 849
850 414
356 263
382 305
604 729
320 195
104 851
502 752
243 852
594 402
113 130
853 854
321 469
855 856
857 793
826 858
735 859
860 861
756 796
152 862
131 863
598 864
463 865
383 478
523 679
866 610
198 574
867 702
335 868
205 869
217 207
169 870
692 234
871 872
549 428
152 406
489 873
524 327
633 372
874 271
699 875
876 378
836 877
504 865
202 878
119 187
382 405
879 880
512 778
881 882
574 116
748 883
147 884
175 503
885 878
501 173
595 778
302 600
104 451
455 886
367 143
877 725
650 243
350 887
521 888
413 889
678 500
890 891
525 892
406 642
445 668
322 893
222 889
250 236
316 894
447 733
140 203
439 325
402 874
149 895
668 896
696 897
445 252
285 898
633 899
346 900
227 901
455 902
536 250
257 809
196 903
904 905
648 492
906 503
396 192
906 566
486 778
359 168
212 907
217 419
530 325
908 909
268 640
855 692
112 662
837 910
113 504
520 255
911 912
543 788
826 803
299 345
116 752
312 662
375 913
555 757
790 668
135 103
701 653
482 101
640 645
882 339
367 914
297 538
251 357
915 794
916 917
918 919
920 616
102 918
796 788
369 914
921 879
501 102
922 735
326 370
923 132
491 924
356 925
664 295
143 926
927 928
202 554
508 875
217 551
929 567
156 113
930 400
675 139
320 931
932 765
933 171
404 934
398 349
935 663
936 631
186 210
367 937
790 454
463 238
918 303
264 546
283 633
502 938
190 138
514 689
379 591
939 243
613 940
694 616
941 458
174 942
591 808
753 587
864 894
232 394
387 943
183 629
663 505
127 236
320 119
541 944
535 128
594 869
661 402
620 945
665 851
876 946
749 947
149 285
135 712
205 378
421 266
670 733
948 949
382 950
342 951
569 157
186 952
169 369
212 621
447 953
250 201
840 954
249 343
372 955
404 956
520 957
202 616
342 311
374 958
685 959
411 701
748 181
539 362
549 671
586 518
354 286
960 961
295 962
186 963
964 965
194 966
727 967
933 311
162 414
164 470
586 264
198 312
125 968
501 942
969 390
933 465
782 854
424 636
820 804
970 570
447 731
594 818
523 102
648 229
319 971
935 296
972 656
382 727
663 973
504 422
445 974
409 862
183 835
820 897
100 947
212 116
270 165
140 544
365 720
975 976
839 614
977 138
312 355
184 199
133 548
341 633
312 347
300 212
283 792
978 324
633 591
166 359
186 977
457 584
212 184
816 562
979 762
246 967
698 980
777 464
145 981
982 968
388 983
286 967
918 984
918 851
474 466
985 571
160 195
549 986
987 779
777 783
510 988
989 172
491 990
814 991
821 449
987 245
620 286
453 552
739 992
499 993
171 709
382 125
434 548
932 994
110 877
266 907
244 535
268 817
374 660
663 538
594 995
174 996
135 596
997 180
143 437
549 998
999 518
787 587
475 1000
645 688
541 1001
250 119
153 401
295 1002
1003 606
663 964
866 212
993 874
889 849
432 128
454 501
1004 1005
906 1006
326 392
633 1007
124 289
125 708
285 293
520 1008
556 616
272 106
171 568
608 400
1009 1010
782 342
297 513
181 693
816 851
119 1011
1012 180
362 783
188 323
1013 1014
283 975
310 782
645 684
187 277
665 688
108 465
689 846
611 691
929 123
251 802
315 1015
790 140
125 903
276 1016
561 1017
387 1018
486 115
246 878
826 1019
113 431
489 1020
822 783
253 1021
250 798
187 850
310 1022
551 181
876 1023
1024 337
968 965
240 1025
310 447
196 1026
1027 682
158 612
387 711
171 1028
640 1029
895 308
979 1002
192 1030
406 1031
253 751
173 557
620 1032
187 651
669 492
605 984
372 606
221 799
694 781
1033 788
696 1034
585 478
244 768
194 624
1035 769
816 807
406 560
549 1036
411 938
308 331
276 596
651 977
312 970
131 207
453 1037
1038 595
130 110
739 865
140 325
234 345
719 1039
788 976
167 630
266 279
1040 279
288 711
280 641
1026 537
454 591
377 766
784 1041
1042 200
457 426
131 1043
231 548
1044 245
212 153
253 555
437 1045
698 1046
168 616
841 413
359 824
816 633
627 773
610 774
525 693
772 1047
174 207
311 323
330 218
140 1048
158 391
876 893
217 1049
1044 1050
1051 294
1052 239
514 199
463 347
1053 232
692 1034
921 1054
1055 734
398 704
326 515
837 753
502 426
1056 769
1057 761
814 1058
491 426
285 282
398 266
721 487
231 856
1059 1060
408 769
135 567
663 983
982 365
357 1007
1061 1062
613 186
716 169
183 359
757 984
1063 363
133 1064
1065 1066
574 193
335 703
1067 260
262 418
723 587
283 1068
187 702
193 963
413 1069
300 584
374 1070
336 918
116 1071
404 769
326 611
209 926
920 695
321 766
837 1072
1073 155
155 275
232 618
604 585
193 1074
1075 275
1076 568
302 391
190 1077
885 924
777 995
687 788
123 208
227 409
630 592
171 1078
253 883
504 1079
591 212
601 545
753 170
1080 1081
504 431
119 303
140 695
501 217
388 695
674 967
746 1082
678 968
1080 1083
549 709
125 209
320 1084
225 700
113 117
336 321
632 1085
1086 236
196 852
678 458
342 244
935 1087
113 521
344 1088
681 431
502 453
196 1089
295 908
733 1028
336 906
320 797
396 186
685 1090
523 765
485 1012
155 731
908 537
302 503
292 363
388 1091
541 815
242 1021
1092 1093
266 1094
238 168
908 696
888 206
521 1095
198 1096
689 685
1003 269
124 697
936 366
404 1097
441 513
611 164
149 325
417 1098
342 600
445 569
266 795
828 318
322 797
283 877
254 1099
449 770
183 499
388 189
814 1100
372 249
227 1101
357 454
1102 1103
336 307
979 360
455 1104
1001 761
419 937
390 1001
784 760
806 1105
488 389
1106 1107
232 862
102 1108
198 600
850 318
315 344
398 1109
1110 1111
203 764
264 862
784 144
177 574
874 1112
604 765
177 953
1113 1114
491 568
108 1115
874 240
343 314
1116 308
979 1117
495 308
918 824
398 327
196 208
153 1064
217 388
217 475
506 1069
689 757
187 786
166 256
411 511
764 949
149 324
120 724
226 354
404 803
645 631
737 1118
563 243
286 513
918 1119
982 143
574 1120
108 905
697 761
335 159
555 535
521 564
866 1121
147 233
193 453
379 1048
669 1122
131 591
560 704
876 1123
606 205
929 1124
114 453
939 1125
855 765
486 139
214 843
1069 931
164 138
333 764
632 745
499 1126
116 1127
115 640
620 640
936 342
1128 1097
240 1129
112 933
825 236
385 548
227 680
1092 219
1130 1131
787 1000
379 171
103 574
1132 1116
1127 308
1001 891
1128 170
746 1133
205 233
695 327
473 1109
183 158
816 734
514 157
218 624
208 783
790 1134
127 222
166 1051
1135 1136
1137 792
445 1138
727 675
457 907
100 771
1139 892
237 357
535 882
594 968
520 549
918 778
764 943
650 1140
174 637
124 787
1095 905
382 1141
1135 1142
441 450
1013 581
1143 108
383 446
164 873
761 1105
1144 535
433 444
800 409
113 851
226 878
790 1145
207 119
135 798
885 1146
1128 754
563 172
387 1147
340 610
283 1148
678 1149
488 739
491 308
757 1150
295 1151
674 263
113 214
1085 1152
498 935
108 685
198 207
661 984
982 671
165 829
463 835
192 1083
512 258
113 1153
210 1154
411 506
318 881
591 983
562 629
1092 349
727 150
171 1155
181 891
183 102
753 1156
108 1157
131 1141
562 1158
398 575
515 327
166 907
814 663
523 560
437 182
631 152
177 439
276 844
1051 696
547 610
640 474
336 1071
1159 793
904 327
187 867
283 117
320 201
108 796
551 1160
193 372
350 540
341 262
502 541
698 1077
773 1087
751 374
181 477
1066 308
674 1161
254 1162
476 639
820 673
111 990
814 1028
183 596
346 201
118 1163
594 945
997 448
541 255
372 503
921 1164
167 151
361 308
927 1165
1166 1033
232 820
936 1167
203 275
369 838
156 395
272 1168
678 810
190 692
512 731
582 100
443 518
645 633
561 590
604 983
586 190
1169 718
419 458
449 363
1135 1043
207 942
248 630
491 841
1042 1157
606 1170
237 103
689 299
982 193
186 629
1171 789
174 720
463 1172
1173 1006
1139 728
885 851
893 630
120 308
953 363
347 245
512 581
181 971
953 1058
419 713
488 941
115 807
388 1174
1089 960
341 392
582 696
187 487
1027 1170
727 305
174 184
1139 138
837 1175
377 826
319 1176
340 873
893 1177
268 286
192 1178
189 202
620 1113
1179 130
874 318
1128 611
541 1180
669 689
979 1101
416 725
382 438
630 318
546 123
190 610
449 185
365 358
187 489
1181 181
369 1182
764 571
555 1112
244 700
718 651
839 885
214 447
108 442
139 292
320 691
183 1042
933 208
1183 1184
520 992
313 345
378 1185
535 353
502 824
1186 651
551 624
368 1187
687 512
406 1028
194 890
217 320
563 354
156 1188
534 208
273 466
678 548
382 796
933 1153
209 245
365 852
790 1189
668 1190
727 217
408 363
1191 283
685 1192
377 669
1193 1194
367 708
696 610
633 490
557 630
311 549
737 349
454 158
874 164
341 1195
1196 1197
172 1198
491 150
663 295
340 1199
556 275
227 258
953 966
308 875
613 967
982 244
977 275
764 1057
727 157
128 433
398 319
167 1009
676 692
1080 824
382 1200
921 399
645 1201
285 650
320 1037
493 769
1095 236
312 429
227 786
948 761
283 1062
939 1202
837 252
927 609
108 1203
295 1105
953 142
605 1204
929 1205
964 1088
300 972
1206 1207
576 1208
454 402
209 1195
147 285
225 317
1059 183
340 154
604 243
143 1209
1193 258
705 696
232 619
292 1094
145 813
320 630
1053 128
669 897
374 785
1210 1211
237 202
333 1212
250 1213
156 888
1009 734
184 379
158 557
716 244
333 935
368 236
104 1048
388 977
547 697
932 100
1214 951
595 1171
685 874
816 541
372 276
137 735
764 518
536 785
930 308
670 308
1215 181
100 658
487 318
520 851
372 1083
326 262
523 156
186 688
231 1216
933 131
130 1217
885 739
455 966
250 713
914 578
611 583
594 253
1218 1219
102 393
951 181
807 1146
322 1220
147 1202
516 1221
936 105
118 885
363 850
735 351
939 1201
340 106
1058 1212
1024 327
174 550
561 600
130 1065
357 746
250 1222
908 1223
594 600
620 956
1051 628
837 1224
374 646
300 1126
914 191
350 1225
593 937
116 382
727 918
561 152
368 566
242 485
307 374
982 564
693 261
594 670
1002 363
119 1153
454 401
404 450
609 921
214 709
721 1226
445 208
168 539
953 1217
367 480
116 140
637 1227
1228 663
665 205
320 1083
408 533
359 509
253 519
840 1229
454 906
591 1088
116 227
335 684
253 557
190 1036
929 360
312 578
642 924
342 834
837 217
711 601
229 1058
948 811
932 524
866 831
365 724
449 548
1230 436
936 233
270 616
1143 1231
727 729
491 143
205 1066
186 274
841 691
893 987
499 1034
244 1031
716 119
235 1046
512 470
172 1232
133 651
486 1009
1233 1018
1154 542
1092 164
491 375
253 418
372 1044
377 338
695 1234
346 957
156 1163
449 1232
605 693
508 685
404 1193
104 262
283 950
212 346
359 1235
372 1154
841 415
1236 953
102 793
562 1029
719 868
102 359
689 720
787 482
926 1200
742 1227
591 468
113 1122
227 671
640 1237
885 1064
510 1238
1192 345
207 897
382 707
421 354
118 244
139 1239
481 579
790 109
149 946
888 596
190 1218
681 1057
214 490
463 263
403 609
125 308
348 638
346 391
506 731
292 1038
593 197
853 975
1169 711
486 1238
270 1240
837 424
1024 512
1044 1241
108 703
232 339
1240 1242
154 181
186 873
606 1207
147 1095
255 461
146 127
746 132
367 501
408 1085
253 1243
184 852
237 738
283 727
972 883
775 1244
1245 277
1235 553
523 580
669 177
506 1033
156 1041
102 1246
591 761
997 1247
250 113
200 748
853 1016
923 327
1248 518
740 989
406 1144
232 404
252 554
108 1237
946 310
1013 882
186 766
167 569
131 791
1249 616
537 731
606 1250
108 344
264 161
1240 1024
1249 651
218 1024
1251 1252
463 654
708 327
651 965
562 1253
695 856
674 247
255 366
463 1078
186 426
521 253
1254 1255
179 1103
439 339
514 1155
352 1087
293 1256
254 791
1127 429
143 1039
368 451
363 440
1257 859
583 815
320 211
379 1258
979 544
1080 1208
939 1140
248 266
244 283
549 201
504 785
232 386
925 130
226 661
821 1139
504 1259
188 1159
329 796
158 112
939 584
196 1260
661 396
839 606
1073 318
918 980
822 1078
326 471
570 349
914 707
103 681
102 291
486 487
171 645
102 566
227 136
473 592
297 363
927 141
1080 741
308 1261
112 936
695 319
841 653
340 319
560 1262
206 850
537 319
874 142
678 811
379 1239
498 1263
125 501
888 406
688 200
383 708
604 405
149 1046
1051 832
508 985
1109 734
835 793
226 290
692 551
300 729
727 1212
1086 1026
336 875
254 794
326 1264
486 557
238 1119
220 548
167 206
396 1224
515 166
437 675
807 1265
406 563
672 238
133 720
495 275
143 1266
183 515
207 322
290 1267
378 106
124 592
874 1268
555 1269
463 170
377 462
169 782
167 192
202 1264
235 826
302 1207
102 519
454 133
390 245
775 1240
484 1270
379 1195
255 367
321 276
277 1271
629 379
212 583
122 696
214 934
918 711
939 631
1080 1220
561 422
447 1272
367 640
336 414
225 492
377 1119
620 1273
501 127
620 637
1274 1275
1276 181
280 526
359 1240
485 1247
227 287
187 808
494 544
755 1084
346 515
108 1039
440 648
103 207
937 1205
113 249
125 180
633 188
782 1277
387 849
277 353
1278 1026
158 431
218 161
784 311
688 478
408 1279
166 1001
546 1280
268 888
1003 824
485 1281
266 1282
336 419
227 624
876 1115
536 811
1127 495
839 504
1283 1284
336 1177
341 759
217 642
1139 537
853 682
447 511
103 1285
310 606
1286 687
357 1048
196 551
708 827
753 228
603 106
242 264
1287 1094
794 141
221 351
471 815
539 146
678 1009
433 1245
1069 1207
205 235
221 587
209 104
300 1258
372 175
162 960
447 1288
266 897
385 1115
1289 1033
694 1200
310 186
402 1290
980 327
897 1015
918 496
424 334
498 513
1291 798
135 171
214 244
519 1271
286 852
936 900
650 1292
484 544
669 962
521 248
814 270
190 535
1191 1203
1293 723
326 420
318 1294
716 306
549 129
486 766
562 587
476 575
228 471
486 856
156 1153
385 236
930 1096
372 853
234 769
1295 1296
957 436
1297 1298
445 385
487 444
333 1085
814 165
202 276
439 1299
253 280
557 825
876 362
498 649
339 725
387 864
1127 191
464 291
753 962
362 856
672 631
300 119
102 942
600 983
692 781
125 628
423 777
140 977
156 238
603 1300
263 1034
145 395
464 574
1062 901
405 707
551 1089
908 339
200 645
444 1301
463 676
110 433
1053 436
620 411
463 606
609 850
588 611
253 752
250 276
207 1102
445 654
1302 533
240 1057
102 1095
600 454
536 742
893 613
1020 648
130 663
198 742
826 154
1303 1304
593 189
122 679
665 1072
620 799
310 645
248 507
1305 595
788 1109
119 174
167 665
768 867
205 1115
367 157
1128 135
454 568
1139 1306
342 236
953 1307
1080 1258
125 663
784 1008
888 748
257 697
306 824
336 1308
362 1236
1245 1048
457 1236
586 128
569 191
927 1280
665 765
914 127
402 981
285 892
205 771
885 824
1214 362
595 155
231 185
789 850
156 145
500 249
683 513
694 274
379 1149
119 640
960 1111
306 707
818 280
455 1126
103 405
116 1234
688 227
341 982
866 793
180 518
283 123
600 1265
490 945
268 500
816 972
214 777
445 1035
164 535
362 1167
302 1081
923 602
207 672
1015 1238
1309 195
357 1310
932 125
310 1129
272 1311
326 109
377 1277
404 663
227 752
665 422
888 977
125 430
790 847
840 695
1042 727
147 116
560 1129
874 360
855 1040
640 113
593 159
167 109
985 1117
582 796
837 569
723 1026
145 995
653 575
302 1083
549 739
504 1298
594 741
895 414
202 462
212 1250
914 910
713 1120
708 202
514 354
508 172
748 276
926 571
714 829
266 283
731 142
131 1082
151 1213
563 1119
244 1271
909 134
352 648
591 1157
1312 162
367 119
932 442
721 1081
226 309
893 1313
948 849
510 1091
264 1314
388 806
805 327
266 707
568 1248
125 249
1312 318
143 384
246 186
346 759
930 196
650 813
979 991
733 368
475 1303
198 373
665 320
547 1204
839 1315
367 102
336 1227
929 410
241 181
268 1316
413 243
184 782
427 523
280 291
221 693
1127 275
504 460
651 325
244 271
275 165
704 1317
559 607
463 1191
678 431
785 1048
115 186
520 421
103 690
300 854
1066 647
104 118
1297 997
326 669
591 707
1290 414
1009 891
238 1050
322 884
352 551
184 1083
874 258
502 247
716 798
866 323
390 1318
413 770
253 354
1254 985
777 858
272 903
377 614
561 1159
784 1159
716 1016
321 205
302 719
816 967
1319 652
453 105
536 312
342 691
238 580
102 309
790 184
557 311
166 771
885 358
147 748
1287 905
1228 1320
355 306
143 669
326 923
187 448
1321 1322
165 626
299 441
876 468
444 275
491 1239
342 1006
320 258
1003 503
102 786
575 1085
674 979
280 902
286 478
695 595
491 317
598 718
689 1323
536 937
184 491
264 1324
312 295
508 587
153 726
604 406
541 177
537 1325
308 1326
475 768
312 323
1327 1328
472 850
665 1078
970 574
440 984
1173 275
721 223
367 709
921 209
1287 439
746 1329
939 643
628 349
1240 1330
853 1224
777 505
382 1050
153 725
307 136
109 135
1233 1184
1295 1331
285 682
207 784
232 809
918 507
406 1302
692 985
375 1300
816 1332
635 829
152 755
473 518
537 121
1003 217
103 653
115 395
270 1333
1334 1335
226 1336
1337 656
128 1057
1338 649
800 1339
841 374
876 1340
1319 905
264 1150
850 796
171 292
514 244
685 242
835 233
112 421
488 524
685 429
308 368
628 223
151 287
1110 836
768 470
352 762
158 357
866 692
244 1015
167 342
678 309
320 590
825 1065
131 1341
620 1342
398 1343
464 454
422 1311
398 895
152 519
549 279
674 480
198 379
344 530
357 136
1251 436
906 1195
270 261
237 400
530 1197
1297 455
467 339
1097 1344
755 558
411 1050
903 513
822 379
437 812
205 1083
326 967
1013 767
485 603
663 1097
382 535
174 606
1287 295
1297 1345
814 874
613 564
492 448
286 1127
936 221
1135 516
936 106
837 578
396 644
475 283
131 890
183 1248
124 195
681 411
784 447
310 641
685 293
685 273
918 544
609 778
449 1112
588 549
299 518
936 104
593 1235
169 104
1233 220
706 436
1080 1125
605 360
1009 431
382 1000
184 348
145 103
593 1346
320 449
390 542
753 197
206 1117
352 587
250 266
227 1033
355 312
326 949
1002 1081
372 938
409 734
748 187
268 1347
742 839
253 1029
253 357
982 793
980 1348
1341 1349
372 207
498 579
574 374
454 755
555 1350
685 487
753 983
1351 537
464 166
352 1352
603 1353
140 628
203 1354
1009 102
200 305
202 969
539 1355
377 417
158 292
918 462
326 1356
650 1049
753 406
665 827
1271 221
246 854
559 652
125 1113
471 754
929 985
1178 181
244 864
326 559
102 1056
985 487
688 669
826 533
1015 450
784 490
1357 850
143 184
485 668
352 513
668 827
131 463
519 953
749 877
252 100
310 1338
490 709
537 575
561 741
290 1050
444 308
262 530
908 1164
1191 1175
295 1301
498 429
632 1000
820 345
674 567
1358 574
434 702
302 1053
139 815
187 131
574 1268
408 1359
921 731
488 217
639 444
816 594
422 652
788 616
828 770
104 478
1360 172
837 992
113 1202
610 491
402 1207
932 544
502 536
379 585
787 470
188 245
777 1342
1224 458
490 1361
908 889
100 770
295 298
434 1323
467 162
1319 1362
876 783
561 406
583 287
541 207
113 531
669 1363
214 326
906 570
214 127
103 243
713 1044
375 360
1248 249
574 220
777 131
855 1043
359 236
841 1253
454 415
1135 548
751 1190
640 457
454 348
424 730
499 1180
264 836
790 783
229 240
124 704
424 1163
669 1167
561 1364
1365 436
1240 1147
857 633
300 480
218 1068
982 1366
1367 1368
841 125
471 630
1080 205
293 1369
372 981
1370 1150
151 896
807 163
243 815
208 616
104 135
449 274
826 1371
179 718
367 748
320 878
1080 677
319 409
207 660
595 1247
492 349
603 1151
639 984
379 1029
184 415
1240 1257
433 1372
775 1109
212 1373
156 562
250 189
102 1074
253 968
253 1374
310 815
1065 275
222 128
357 1072
246 1375
385 1111
137 1112
876 815
1154 323
354 644
1271 849
359 1237
102 423
328 349
668 454
756 856
143 1040
486 1189
521 372
375 798
989 1083
377 502
147 354
300 774
158 143
663 1317
800 795
147 1071
508 1376
879 718
330 1377
708 949
645 212
521 244
453 1060
424 326
326 1347
246 924
355 484
365 676
171 1378
447 508
355 914
524 949
285 1309
1154 1379
544 624
186 670
1380 349
207 932
895 587
225 1040
275 745
1002 505
276 207
749 308
933 354
125 254
264 1381
115 1299
620 233
124 474
485 1240
1382 155
272 115
357 1001
320 779
372 1113
234 897
246 1079
870 594
445 1108
110 1045
669 711
523 492
355 1084
777 1194
713 754
604 517
606 1383
826 223
248 1201
406 1050
335 217
390 810
168 217
219 616
240 1263
427 809
637 305
382 937
276 859
280 507
124 1384
688 1235
822 306
359 199
454 749
1385 548
108 342
139 1386
888 536
757 172
611 423
116 1386
485 513
936 1217
879 984
457 1387
510 130
888 854
152 219
822 808
486 1059
232 1211
205 548
555 636
559 901
406 1236
541 245
115 499
1240 466
818 368
757 1103
115 292
600 1377
306 461
275 538
525 309
689 1388
198 405
491 1122
217 228
167 851
790 1009
591 663
253 1051
1003 357
777 348
908 1354
864 220
103 303
1135 1240
593 484
237 630
348 1205
543 363
523 1060
982 1389
678 1387
979 492
255 1390
359 470
375 486
1113 563
727 721
960 425
283 358
717 197
921 441
595 587
100 1391
396 368
167 835
234 1174
674 783
424 1076
115 340
390 958
1102 658
476 482
742 1392
523 1258
639 141
232 436
457 1393
1067 1205
460 1394
177 155
1395 1211
504 1235
1396 121
1108 577
936 1057
821 466
272 1172
464 1007
102 243
562 982
183 255
285 1277
112 1397
908 740
853 633
991 436
367 452
603 718
244 417
422 616
1293 439
158 209
1044 205
1398 871
1128 766
630 1399
145 1146
383 1386
103 1400
874 1401
246 1189
535 971
523 507
694 1085
252 1402
244 693
855 1403
704 1112
293 526
341 375
889 1088
143 145
131 1404
246 500
629 1205
374 1405
787 1406
520 400
560 806
445 1050
274 414
156 170
520 406
504 559
739 421
790 817
1102 994
242 1077
486 1407
404 990
816 191
158 970
431 981
417 986
367 1408
727 940
694 961
772 364
512 1409
184 741
280 677
520 938
311 468
202 1353
1080 1001
464 1153
555 1033
244 679
533 551
570 1116
1248 967
346 682
502 1379
1191 206
795 389
681 348
716 569
246 937
306 1006
946 1120
939 729
716 1213
207 841
676 638
357 933
822 745
718 663
251 568
491 1410
876 429
678 145
487 1229
246 678
454 332
1224 105
613 1411
248 907
328 904
874 983
1044 815
612 1310
524 298
1013 829
656 1412
270 448
888 104
264 208
1413 668
1111 222
406 302
613 824
841 549
367 384
536 610
179 1414
1415 1319
563 536
379 166
927 770
498 832
982 126
473 497
733 315
1319 1416
244 766
1417 421
113 291
695 213
227 477
333 980
758 839
600 827
231 1354
413 276
202 811
308 1268
876 762
669 786
387 556
685 1081
1239 827
906 720
186 1277
1248 777
835 210
357 202
122 487
583 389
642 215
393 770
377 549
411 374
406 1373
359 606
357 993
177 128
1066 625
1418 595
885 1082
104 1016
504 459
941 1120
262 812
979 1186
933 189
251 309
549 919
485 652
980 482
135 507
457 937
365 475
775 965
609 257
169 569
231 1187
133 563
318 1034
521 785
670 1235
421 610
310 468
158 1387
135 189
768 308
568 729
285 795
512 1419
158 786
237 631
268 1140
212 145
222 905
457 116
530 1068
362 1070
1048 1420
806 1238
625 1212
651 1354
853 1030
188 116
396 539
408 275
585 244
225 1220
352 1288
494 1232
1042 1121
328 1421
512 1422
103 315
986 1020
485 470
777 1155
100 261
232 498
131 885
1293 314
439 165
549 166
251 199
326 382
1059 181
493 535
537 814
311 1423
651 535
1245 544
574 125
198 938
177 1237
368 1232
818 311
326 529
674 454
307 503
166 117
502 188
262 955
102 174
326 1292
839 153
1173 538
790 405
398 258
166 634
320 105
181 774
692 552
365 342
624 410
753 395
149 413
651 512
205 172
742 808
888 1030
561 940
1249 587
877 1104
104 320
1042 707
177 1103
795 1268
969 610
341 729
184 309
680 1208
374 889
597 190
113 615
249 850
383 854
207 1081
660 742
1319 327
719 275
227 513
175 646
1424 695
1318 451
167 945
486 939
698 517
845 163
318 1425
166 786
1027 1190
332 137
173 982
837 197
273 1299
104 606
1426 1427
130 685
198 280
355 1266
471 1330
344 1428
244 378
139 1289
443 760
143 951
453 642
746 713
932 1153
147 252
308 1251
523 1149
365 992
171 400
847 587
410 1057
698 769
818 893
320 1429
732 651
800 138
562 478
696 1022
268 1430
1350 489
167 831
604 1163
362 1307
103 255
1058 889
1276 271
478 1034
209 207
751 412
320 1200
253 729
320 424
270 1126
1135 627
368 1386
187 157
188 650
543 138
339 788
1059 1353
131 616
591 358
133 874
272 973
514 924
561 644
777 957
653 319
382 677
1431 1126
116 438
131 741
936 164
378 990
341 1253
142 1033
639 1432
1067 649
280 532
751 709
453 1361
537 663
368 794
562 150
290 113
1028 138
402 811
372 996
708 707
221 595
632 887
137 221
188 306
359 1051
367 1224
1130 821
214 1161
521 148
1006 909
207 695
342 269
234 535
683 693
336 164
746 748
895 1069
609 329
953 1160
645 422
541 201
471 1235
411 644
512 1369
541 1429
460 1164
184 469
782 115
753 153
697 363
800 1386
1433 1112
857 309
1434 657
169 1366
153 201
429 1109
512 1181
341 420
1435 1325
108 407
864 325
839 1029
377 1134
209 260
355 977
368 471
1301 349
112 786
1436 610
597 849
953 1147
310 638
885 115
502 612
115 530
430 863
570 873
214 321
1069 761
318 258
457 292
108 507
523 1437
933 713
187 658
624 309
642 738
685 788
1051 1279
375 915
158 1162
775 1300
212 393
252 1438
689 1307
354 157
929 608
227 509
143 1113
308 1135
322 986
822 191
670 1439
933 457
196 303
502 970
192 114
232 803
231 981
487 343
152 1050
1110 891
130 543
268 207
1440 772
372 791
953 774
879 1223
403 1038
547 544
521 1042
457 389
409 1279
264 1299
457 539
685 1381
982 713
419 792
342 480
525 1300
625 984
221 1428
1042 309
333 965
1151 774
570 138
562 215
491 896
272 1407
290 406
244 1428
409 543
125 424
151 1298
757 516
1251 1187
272 1089
424 827
705 1193
396 402
818 215
149 466
110 1441
508 1198
295 485
533 1243
174 1442
169 199
214 1202
1059 1170
463 727
1044 306
915 401
149 883
187 1268
312 139
611 228
535 264
123 732
218 224
727 392
491 141
879 874
1063 414
217 1178
533 595
537 757
268 1132
876 438
447 306
255 539
266 1443
171 1167
1248 212
266 848
521 177
302 1444
1055 508
605 781
922 1081
717 1006
181 1057
348 215
681 286
227 363
613 779
672 670
1445 664
642 1446
207 769
1080 389
231 1430
133 771
158 259
183 366
255 347
367 590
742 1009
746 1447
447 761
546 962
254 751
837 739
272 1303
876 215
576 404
1003 1082
137 470
158 233
212 484
329 850
586 191
218 573
1144 764
237 426
308 154
594 478
502 412
1239 152
156 424
244 192
874 823
326 480
742 519
1128 113
678 135
339 1212
1057 1448
306 379
708 255
298 616
108 205
562 169
611 967
326 1001
790 469
272 856
383 168
228 341
491 322
130 551
322 481
225 764
586 530
188 499
549 1428
605 426
1066 909
701 802
390 152
156 393
922 319
502 395
640 507
982 1182
805 778
600 168
153 419
772 1034
135 612
933 501
669 792
320 1009
539 1223
524 877
396 833
1215 1114
650 115
405 646
186 359
837 1329
153 487
780 850
1268 364
929 1300
162 767
970 550
374 933
352 533
1449 761
139 970
874 546
471 691
701 636
669 1198
708 207
115 684
835 1051
486 456
918 1289
173 585
127 264
383 709
1255 518
402 334
226 558
670 400
1303 664
357 884
1111 850
292 487
253 251
879 745
807 833
255 751
770 1103
174 1224
791 363
561 519
512 1034
678 207
610 1330
1240 1300
512 943
427 897
268 357
115 661
784 1450
115 1260
586 444
888 712
222 134
238 883
610 436
390 1227
128 1252
574 283
536 1063
308 1451
336 339
642 389
405 215
411 1099
1027 670
1228 616
248 1266
336 818
431 320
523 774
523 365
939 150
1003 152
698 587
1066 718
404 103
591 542
340 1452
640 624
167 1008
348 623
382 1034
208 802
594 1313
836 571
1076 995
1413 368
246 1213
116 826
1080 1235
203 330
348 578
308 512
419 170
336 474
502 1077
716 347
125 368
933 342
147 847
775 1453
669 261
696 298
921 548
582 141
200 436
537 1454
453 590
678 606
557 1050
510 163
188 570
547 695
585 560
1073 526
139 610
164 867
192 1411
212 672
116 150
254 362
661 617
1455 161
822 227
1065 731
237 617
676 815
116 377
676 808
447 1422
437 356
510 702
1293 828
727 1456
939 1081
989 725
748 103
411 1218
266 276
562 281
102 1260
605 1457
678 478
933 729
115 1271
539 204
357 484
1294 581
286 850
161 111
188 833
1449 1304
447 782
335 833
509 1302
914 523
674 1458
777 574
209 833
328 1459
964 809
254 670
775 535
999 849
202 424
555 219
181 100
244 742
377 691
402 1265
613 125
112 1094
123 273
352 663
939 149
888 570
929 687
445 1078
926 980
929 1104
352 292
737 1460
1003 557
115 536
119 794
354 1078
300 415
594 125
796 538
624 360
322 1356
1293 712
735 796
888 580
1461 308
953 947
387 325
238 483
669 357
555 242
809 1320
872 1462
207 867
367 570
238 1246
357 851
1003 227
227 1435
486 208
125 786
600 578
254 569
164 1350
357 599
321 742
647 292
186 401
1087 538
209 371
782 1319
375 435
371 813
841 1346
603 1164
733 530
642 1202
608 781
980 1311
264 887
244 1101
929 273
308 874
1271 877
661 139
300 279
1463 165
633 1361
232 651
300 306
782 684
784 1347
375 1386
929 1439
757 687
549 219
1154 431
372 815
103 1265
431 500
302 783
486 491
939 1258
504 1347
672 175
232 1010
264 773
368 415
379 338
874 340
374 1145
594 170
721 349
525 1088
402 799
717 1190
181 1268
377 703
209 1022
929 319
229 1205
227 199
1024 1100
669 1464
835 668
355 854
453 1289
1293 1193
1287 180
841 752
377 1082
777 1058
357 1387
678 1126
598 537
516 510
1228 448
1135 511
822 431
510 1354
723 408
486 1169
1148 693
713 574
504 729
112 712
787 1371
471 1082
240 275
108 376
539 1164
687 1465
135 202
933 1040
909 1117
485 299
818 435
1105 1466
369 205
475 340
866 238
908 533
341 1077
1004 343
582 298
124 1062
530 441
135 631
1121 236
300 766
561 125
205 731
504 1051
1064 1394
214 109
312 1076
713 1237
302 189
444 1033
1145 551
1022 327
374 1099
663 1419
1293 260
209 777
1004 648
1467 236
253 168
387 647
295 1468
486 1432
268 426
698 327
1003 373
650 1258
103 1373
227 920
342 535
1469 349
888 1195
1128 802
1297 1351
818 484
694 980
927 1164
361 364
382 281
1135 274
453 1470
1318 208
352 947
491 529
350 1181
853 811
1048 327
879 163
1471 546
336 1472
209 491
633 143
382 1006
131 995
237 157
125 1121
335 1053
321 668
242 325
442 511
672 791
145 661
295 965
521 748
429 704
523 1136
355 321
308 402
119 1191
502 712
1051 668
396 610
156 615
876 642
264 1343
484 728
200 1091
713 606
536 1266
820 1302
697 1473
665 670
1385 402
140 1382
857 469
506 658
262 1146
408 1034
742 1081
120 327
336 688
429 1474
207 1338
927 1475
631 1476
410 966
1300 441
604 447
694 1234
757 849
1127 1294
355 347
668 606
421 1120
183 400
1173 1057
190 553
818 783
591 568
545 1066
449 1477
788 1478
504 755
342 774
922 294
665 900
109 1479
336 529
167 839
674 703
790 1059
494 472
432 513
1350 339
1186 778
214 141
1412 1480
933 785
454 1266
562 119
1009 938
355 742
481 1481
879 1395
1143 345
583 412
828 850
820 770
367 357
457 727
1396 1438
999 1279
746 766
504 1366
411 326
859 592
1248 354
409 1468
541 558
1154 851
1239 1190
1191 850
633 1417
672 519
982 323
1128 118
300 269
721 1482
923 380
588 753
562 321
193 436
352 725
179 1015
841 1483
322 754
777 170
536 570
264 788
1108 1484
559 1160
551 961
173 212
119 413
796 318
485 769
1309 1328
704 1194
1135 1387
295 349
837 924
383 480
131 1378
772 1212
557 519
119 1036
1312 1057
255 674
369 961
293 567
485 1330
893 1154
688 1213
488 175
151 1246
466 456
368 826
563 640
476 832
175 641
357 250
663 1485
806 877
222 274
264 551
212 471
119 165
212 712
174 1486
295 1126
816 422
989 446
816 791
620 616
1255 875
190 639
283 783
398 983
604 342
650 103
171 389
512 1129
606 1410
561 437
322 249
866 359
748 1146
893 1366
408 1338
1173 756
748 1486
885 753
145 583
1245 1487
1488 823
102 374
978 517
133 770
546 696
250 343
173 1489
816 1405
342 1396
212 723
838 449
953 985
723 364
442 485
756 895
421 256
689 971
746 1464
167 703
322 1490
214 396
609 1097
253 157
108 1019
102 438
906 1437
362 1399
742 279
206 134
1042 431
237 1375
140 440
753 244
932 208
642 529
708 1110
1263 1033
460 1393
650 594
663 1240
619 1425
229 725
264 1211
639 725
488 937
524 1009
167 1202
746 233
320 877
559 191
254 1491
893 631
749 628
537 492
369 1194
405 389
885 1379
145 1332
473 295
514 630
341 1188
800 1431
818 209
187 1492
225 742
840 764
952 766
149 515
406 317
933 507
405 1319
939 158
313 1338
885 791
1271 299
835 1078
350 846
369 1301
447 887
310 692
536 1366
960 891
212 596
235 402
988 769
933 1264
1180 984
903 551
102 168
523 140
753 1078
108 1444
316 351
341 447
876 889
888 569
514 1298
409 747
302 206
183 276
112 984
876 1068
853 1149
887 1057
1073 830
486 1447
894 138
444 1198
115 957
536 672
748 932
302 366
583 332
1135 436
357 629
124 1393
387 1198
147 264
227 630
299 769
1064 1173
694 339
692 274
885 630
939 402
135 193
839 1119
272 718
651 318
357 1056
116 1182
429 349
1135 901
409 894
1493 1378
158 1140
341 338
742 748
454 760
588 158
1268 1494
777 948
939 1248
960 890
266 1495
149 907
447 446
346 865
445 323
932 707
921 273
620 393
264 595
838 264
181 1211
467 505
835 919
208 1027
669 726
927 492
1303 111
232 414
286 549
701 700
911 1412
876 743
1059 1257
382 1112
714 679
308 1022
140 823
693 1301
500 728
777 1062
670 651
1013 1194
141 1496
310 1250
299 1112
882 649
140 556
340 1457
402 633
363 1496
285 519
640 770
1080 923
214 1189
748 808
876 1212
491 813
498 294
113 503
1321 130
447 350
146 1442
285 604
1332 1164
380 157
705 838
214 286
583 631
207 1035
280 1450
563 503
699 1377
336 1120
1173 1338
475 139
424 382
876 888
217 1437
488 692
611 405
921 1320
359 1050
537 565
591 895
326 1361
169 827
735 318
1282 138
100 616
244 1443
272 1497
145 558
231 557
362 150
183 631
393 191
198 824
342 1034
244 566
463 212
102 654
355 1029
600 1119
633 982
444 1263
125 225
1191 905
231 1134
502 869
312 779
108 313
521 1006
318 154
733 736
972 367
674 1250
310 130
814 731
678 569
486 885
454 225
437 320
1105 1118
839 250
406 136
190 989
341 883
650 1375
1240 554
814 909
936 663
454 1498
416 327
169 1492
362 206
250 1121
604 1381
115 833
123 658
533 1360
939 336
1432 1217
248 549
193 336
280 627
496 592
583 1036
320 223
594 292
250 945
923 798
264 953
362 995
694 1452
208 1122
1027 1119
559 659
264 692
569 610
357 139
594 817
352 928
914 1319
217 1379
1485 1206
250 1319
352 1459
108 488
536 568
368 640
342 233
250 1145
523 431
888 366
537 636
149 416
454 1446
906 1189
1224 938
244 466
510 1499