3843 3680
3545 3605
3506 3646
3448 3491
3860 3576
3611 3557
3837 3612
3573 3521
3905 3549
3515 3706
3690 3584
1085 3741
3696 3655
3824 3596
3702 3838
3503 3930
3911 3830
3826 3468
3756 3938
3526 3559
3592 862
3646 3648
3496 3831
3731 3902
3545 3755
3495 3621
3488 3596
3948 3886
3800 3527
3971 3520
3471 3966
3829 3469
3948 3633
3800 3449
3734 3448
3684 3797
3678 3539
3841 3651
3850 3840
3740 3663
3780 3660
3804 3790
3534 3906
3756 3501
3945 3634
3921 3815
3624 3662
3471 3930
3770 3524
3677 3847
3533 3877
3687 3670
3545 3971
3643 3976
3541 3743
3726 3738
3702 3528
3449 3596
3679 3536
3622 3690
3938 3488
3796 3851
3508 3521
3867 3705
3680 3468
3616 3848
3906 3568
3758 3583
3960 3641
3698 3472
3478 3655
3962 3800
3528 3627
3495 3796
3738 3511
3629 3977
3545 3576
3886 3577
3521 3556
3924 3463
3793 3826
3626 3839
3903 3584
3842 3948
3894 3580
3627 3635
3667 3520
3931 3869
3705 3826
3468 3927
3799 3952
3448 3633
3730 3596
3601 3881
3737 3596
3788 3674
3910 3774
3758 3777
3609 3779
3626 857
3824 3633
3835 3442
3951 3558
3749 3923
3590 3907
3808 3544
3902 3703
3539 3584
3910 3701
3707 3828
3527 3611
3593 3768
3851 3525
3486 3569
3944 3962
3487 3504
3666 3629
3891 3592
3505 3698
3532 3777
3715 3442
3962 3563
3701 3836
3448 3943
3850 3644
3554 3634
3752 3443
3605 3670
3862 3526
3617 3564
3534 3499
3945 3612
3476 3975
3852 3573
3512 3517
3668 3956
3877 3574
3648 3719
3829 3758
3828 3577
3943 3577
3888 3674
3474 3764
3870 3486
3670 3938
3645 3443
3478 3964
3880 3619
3804 3824
3569 3714
3821 3834
3578 3640
3439 3616
3794 3822
3793 3896
3635 3730
3667 3625
3804 3488
3496 3684
3476 3759
3911 3502
3509 3569
3522 3979
3463 3826
3896 3718
3549 3446
3579 3759
3456 3677
3680 3843
3684 3702
3772 3779
3767 3764
3488 3573
3506 3631
3909 3822
3603 3756
3634 3829
3779 3448
3907 3715
3609 3968
3737 3838
3734 3586
3664 3500
3824 3913
3596 3495
3818 3758
3519 3757
3554 3466
3617 3724
3960 3655
3630 3634
3505 3936
3915 3764
3938 3438
3756 3851
3449 3877
3527 3672
3873 3830
3906 3900
3529 3738
3968 3625
3667 3736
3497 3596
3463 3569
3830 3886
3604 3586
3662 3490
3830 3755
3624 3446
3528 3604
3545 3559
3454 3779
3703 3926
862 1085