978 1255
1522 1028
1864 1879
1621 1623
903 1493
921 1431
1243 1800
1547 1864
1079 1752
1864 1377
1070 1634
1827 952
1612 1211
995 1517
1783 1848
1522 1376
1541 1472
1243 1267
1860 1558
1810 1833
1863 1321
1722 995
974 1010
1377 921
1243 1214
1891 1746
1164 1675
1132 1398
1816 1793
1520 1675
1665 1605
1829 1234
1707 1377
1683 1774
1598 1604
1805 1480
957 1550
1390 921
526 1584
1528 1723
984 1582
1255 1891
1146 1823
1175 906
1686 917
1391 1302
1750 1278
1905 1050
1099 1282
1214 1092
1329 1265
1573 1404
1632 1800
1772 1604
1064 1497
1227 1345
1597 1530
1480 1456
1344 1075
1129 1036
1888 1584
1347 1859
1903 1715
1634 1225
1472 1139
1623 1554
1419 1165
1503 942
1833 1330
1164 1026
1411 1589
1487 1677
1049 1877
1526 1464
953 1172
1114 483
1642 1058
1425 1210
941 1303
1623 1079
1286 1459
1848 1894
1399 1659
1246 1783
1017 1501
1804 1076
1017 1909
1059 1086
976 601
1221 940
1275 1348
1132 1456
1261 1786
1584 1126
1153 1605
1717 1800
1783 1583
1480 967
1667 1672
1820 1261
1329 1639
1169 1831
1572 1746
948 1237
1570 1470
1783 1812
1871 1102
1617 1182
1639 1329
1468 1601
1337 1567
1674 1626
978 1509
1624 1428
1871 1423
1396 1018
1094 1154
1018 1871
1481 1051
1210 1767
1584 1473
1210 1113
1409 1470
538 637
962 1425
932 1845
1576 1279
1184 1643
1063 1768
1308 1260
1404 1082
1888 1076
1437 1017
960 1612
1662 1589
1283 1817
1350 1345
1689 1420
971 1273
1564 1860
1345 1148
1175 1774
1821 1006
1888 1173
1390 1435
906 1128
1331 1612
1429 971
1750 993
930 1358
1818 1604
921 1589
971 1215
1833 1491
1447 1238
1185 1146
1271 1768
1823 1559
1392 1636
1790 1413
1101 1556
1166 1350
526 1237
1416 1377
1604 1271
1673 475
1881 1565
1459 1373
1003 1539
1707 1589
1425 1625
1408 1882
1300 1114
1012 1320
1837 992
353 1543
1269 1146
1050 1266
1250 1589
1099 1848
1707 1117
1456 1449
1614 925
982 1864
1135 1621
1800 1741
1036 1229
1432 1322
1188 1310
1331 1287
1736 1074
1135 1243
1247 1807
1156 1068
1029 1074
1616 1645
1221 1691
1743 1122
1612 1643
1040 1256
1078 952
1056 1527
896 1261
1904 1496
1429 1104
1175 1513
1459 1120
1660 1766
1479 1595
1668 1341
947 1835
1796 1622
1273 896
1879 1214
1584 1665
1148 1479
1504 1709
1899 1190
1236 1304
984 1204
1525 1070
1222 1331
902 1857
1520 1610
1514 976
1520 1283
1680 1587
1447 1126
1786 1309
1712 1598
1238 1637
1250 1877
1629 1733
1109 1013
1426 1192
1519 1040
1447 1816
1605 1084
1820 1742
1112 1752
1156 1685
1882 1012
1284 1647
1522 1076
1505 1450
1163 1826
1688 1243
1032 1820
1102 1812
1236 1141
1821 1211
1149 1124
1867 1622
1848 1732
1879 1361
1867 1491
1214 1613
1431 1370
1467 1735
980 1078
1622 978
1137 1895
1457 1390
1189 1831
1565 1606
1835 1819
963 1452
942 1508
1173 1730
1188 1159
963 1314
1800 1613
1184 1563
1182 920
1277 1729
1566 939
1329 1617
1689 1551
1399 1868
1774 1329
1173 1160
1136 1421
1330 1842
1211 1390
1173 1331
1737 1516
1159 1496
1041 1226
959 1402
1589 1584
1328 1593
1228 924
1613 1271
1278 1724
1017 1331
1304 986
1349 976
1179 1349
1523 1724
1804 999
1515 1277
947 1551
919 898
1483 1589
1052 1217
1706 1459
1517 1730
1816 1331
928 1061
1668 1398
1205 1146
1360 1847
1821 966
1250 1557
1431 1542
1006 1163
1545 651
1243 1637
1272 1554
1390 1242
1350 1021
1778 538
1709 1258
1113 1606
1535 1669
1352 1484
1621 1810
1377 1891
641 1060
942 1894
1120 1872
1616 1574
1099 1309
1109 389
1341 1467
1352 1523
1015 1104
1389 1610
1800 1048
1864 1341
1867 1620
1783 1170
1170 969
1556 1163
1768 1126
1456 1483
1888 1291
1746 1793
1813 953
1746 1341
1799 1351
1018 1032
1420 1238
1432 1277
1199 1702
973 1150
1117 1280
1003 1484
1026 1352
1191 1879
1462 1635
1028 1617
1878 1080
1302 1665
1457 1091
1683 1471
1315 1257
1479 1221
1117 1086
1339 1839
1100 902
1622 1662
1004 1584
1421 1144
1857 1204
1409 897
1772 1388
1161 1656
1861 1559
1772 1580
1554 1835
1115 1345
1329 1600
978 1643
1570 1149
1288 1238
1898 1665
1370 1605
1168 1089
1389 1663
484 1620
1146 1886
1603 1795
966 1717
1126 1665
1101 1707
1772 1861
1125 1101
1736 966
1250 1867
1332 1844
1819 1551
1669 1376
1613 1669
526 1074
1800 1327
1086 1289
1389 1888
1813 1570
1842 1835
1827 1554
1158 1893
1120 1830
1665 1620
1712 1291
980 1761
1807 1453
1431 1101
938 1601
1735 1769
566 1358
1804 1256
1352 1128
1804 1791
1459 1392
1295 1154
1125 1289
1596 1404
994 1569
1290 1700
1075 1572
526 1730
1813 978
1742 1636
1175 1352
1341 1789
1331 1551
1079 1746
1427 1773
1609 1643
957 1392
1404 1115
1884 1857
1076 1367
1065 1739
1559 1833
1217 1818
1376 916
942 1451
1146 1659
1222 1211
1361 1199
1479 1277
1326 1202
1396 896
1780 1626
1589 1312
1329 1835
1661 1166
1655 1229
1580 1898
1899 1573
1480 1782
1868 1024
1839 1522
1078 1597
1211 1603
1746 1683
1639 1440
1102 1729
916 972
1509 1800
1160 1352
1018 1720
1735 1287
913 1497
1720 989
1714 1359
1839 1059
1237 475
1515 1108
1699 1338
1811 1554
1754 1092
1068 1580
1188 1630
1235 1682
902 1872
1221 1525
1893 1273
1079 1839
1900 1519
1409 1669
999 1491
1269 1522
1383 1594
1330 1685
1185 1520
1279 1786
1515 1215
366 1574
1517 1191
946 1361
1598 1024
1165 1461
1148 1884
1163 1712
1108 1661
1750 1835
1079 1132
1446 366
1225 1472
1329 1669
1658 1630
1382 1277
1765 1851
1804 1185
1124 1180
1786 1282
1250 1810
1288 1289
1048 1431
1706 941
1331 1393
1530 1809
1636 1227
1261 1595
903 1548
483 1427
1895 1333
1911 1150
1107 1707
1238 1132
1884 1715
1370 1126
1904 1418
1868 1471
1140 1098
1782 1458
1789 1827
1583 1655
1287 1617
1829 1831
1615 1555
942 1284
1086 1344
1267 1623
1344 1076
1669 1888
1409 1488
1126 1211
952 1622
1746 1663
1049 1269
917 1316
1539 1683
1520 925
1256 1604
1696 968
927 1554
1791 1557
1278 1471
1584 1789
1437 1092
1636 1284
1199 952
1689 1707
1795 1622
1086 1804
1036 1192
1673 1397
1675 1146
1086 1358
1813 1377
1833 1734
1621 1617
1385 1496
1357 1692
947 1604
1456 1547
1370 1101
1029 1323
1006 1201
1839 1163
1524 1242
1757 1101
1391 1330
1037 1876
1447 1772
1851 1405
1724 1692
1530 1663
1330 1199
1761 1185
1695 1142
897 1312
1886 1888
1597 1735
1893 1514
1152 1366
1184 916
925 1196
1632 1390
1026 1146
1392 1235
949 1536
1032 1282
1617 1888
1675 1029
1525 1435
969 1108
942 1706
1615 1553
1351 1804
1507 1070
1588 1144
1457 1868
1669 1551
1250 1833
983 1665
1600 1835
1059 1665
1269 1048
1214 1553
1563 1369
1095 1604
902 1277
1338 1624
1660 1464
1488 1584
1783 1529
999 1746
1623 1603
1123 1271
917 1681
1045 1593
1551 999
1493 1319
1259 1213
1839 1668
1806 1825
1059 1420
1813 967
1438 1345
1130 1467
1542 983
1826 1230
1623 1390
1047 1891
1723 1839
1590 1377
1049 967
1733 1097
1284 1628
906 1003
1083 1551
1568 1319
1622 1608
1355 1472
1298 1715
1149 1612
1331 953
1125 1589
897 1888
1609 1688
1608 1823
1099 1081
1156 1271
1390 953
1529 1348
1188 924
1330 1816
1076 1344
1730 1323
1722 1714
1102 1732
637 1060
1620 1199
1804 953
1823 1207
1753 1768
906 1746
1587 1426
1559 1888
1620 1789
1470 1553
348 389
483 1907
1504 1785
925 1538
1572 1184
1391 1389
1742 1824
1600 1669
925 1539
1849 1619
1256 1652
1227 988
1017 952
1007 1303
1293 1006
1867 1198
1156 1736
1171 1053
1795 1598
1621 1312
1237 366
1014 1406
1530 1584
1584 1467
1049 1620
1573 902
1604 1078
1330 1323
1567 1317
1416 1644
1799 1431
1199 982
1199 1222
1284 1502
1115 1277
1396 1166
1665 1868
1662 1101
1566 1064
483 538
1456 953
1347 1432
1180 1447
1416 1132
1285 1668
1622 1571
1557 1791
1604 1124
1173 1527
1638 1282
1029 1813
1323 1117
1079 1078
932 1580
1472 1299
954 917
1352 1369
1134 1474
1118 1533
1079 1800
1876 917
1707 1302
1529 1070
1799 1761
1603 1222
966 1879
1609 1402
1791 1191
1833 1789
517 1870
1791 1688
1277 1691
1609 1116
641 1086
353 1606
1104 1227
641 1113
1458 1480
1209 1800
1516 1076
1184 1125
1584 1894
1267 1522
1381 1628
953 1868
1584 1888
1156 1551
1256 983
1289 1842
1735 993
1550 1691
1420 1563
1622 1255
1344 1250
1730 1153
1552 1058
1835 1243
1281 1894
1636 1873
1587 1655
1752 1757
999 1879
1339 925
1684 1666
1443 1212
1746 1669
1083 1126
1835 1584
1647 1231
1568 1601
1845 1775
1407 1075
925 1242
1823 1668
1673 1349
1551 1793
1192 1067
1375 1721
1207 1390
1040 1665
1335 1339
1648 1733
1345 1227
1669 1833
1590 1735
1036 1899
1352 1791
1569 917
1835 1388
1879 1125
1816 1163
982 1056
1617 1754
1799 1491
1494 1174
1388 1361
1352 1195
1761 1128
1001 1543
1052 1541
1569 1444
1006 1331
1338 1249
1668 1488
1305 1823
1231 1628
1037 1259
1078 1845
1445 1505
1538 1449
1189 1011
1415 1226
1198 1610
1736 1746
1528 1782
1600 1522
1124 1689
1879 1285
1662 1107
1211 1554
1650 1236
1878 353
1195 1467
1281 1373
975 1475
1361 1542
1842 1214
1155 1122
1396 1732
1786 984
1688 1827
1679 976
1689 1614
1663 1597
1844 1763
1435 1523
1434 1779
1835 993
1721 1209
1231 1611
1335 1222
1126 1539
1032 954
1532 1867
1037 1536
925 1269
1900 1173
1235 1120
1872 1036
1083 1652
1278 1184
1818 968
1300 483
1519 1674
1480 1712
1823 1714
916 1280
1059 1685
973 1656
1843 1467
1849 1580
1863 1488
1378 1232
1741 1352
1184 1839
1146 1323
1746 1559
1668 1542
1032 1489
1021 1432
1668 1761
1882 606
1623 1331
1522 1132
1311 596
959 1271
1231 1018
1375 1079
1107 1079
483 363
1376 1833
1598 1736
1619 1156
1377 1470
1845 1153
1535 1675
353 1313
1428 964
1907 483
1020 1261
1683 1327
1250 1712
919 1245
1132 1827
1204 1229
1026 1517
1479 1413
1010 1070
1882 1606
1637 1528
1199 1772
1716 1871
1858 1437
1378 1568
1753 980
1360 908
1016 956
1603 1757
1019 1227
1613 1289
1092 1199
1583 1903
1243 1609
1238 1714
1754 1048
1482 1496
1617 1835
1447 1359
1800 982
1516 1622
917 1412
1736 1153
931 1566
1811 906
1216 903
1160 1793
1172 1335
1839 1351
1250 1597
1707 1580
1404 1573
946 1312
1574 1625
1791 1522
1340 1209
1502 1227
1515 896
1902 1447
1741 1879
1184 1361
1891 1156
953 1078
1083 1352
1639 1535
1583 1720
1211 1467
1148 1066
1609 1637
1352 1540
957 1315
1149 1810
1572 952
1083 995
1659 1149
1370 1900
1736 982
1235 975
1240 987
1125 982
1698 1433
1715 1680
1370 1610
483 1204
1199 1250
1472 389
1457 1078
1113 1645
1481 917
1491 1644
1891 1195
1612 1078
1783 1036
1376 1888
1126 1843
1796 1420
1063 1370
1624 1089
1895 1216
1565 1080
1006 1083
1796 916
1553 1579
1462 975
1789 1214
1563 1329
1551 1643
1347 1628
1515 1324
1452 1568
1612 1789
1772 1898
1148 1227
1637 1639
1757 1833
1231 1636
962 1453
1753 1078
1789 1125
1623 1467
1685 1164
580 1122
1051 1727
1840 1703
1231 1462
1735 1209
1059 925
1513 1883
1659 1717
970 1866
1809 1289
1572 1800
1750 1431
1086 1125
1040 1390
1888 1344
1843 1331
1595 1820
1112 1888
1515 1783
1405 1622
942 1081
1216 1747
1557 1835
1290 921
1547 1707
1117 1191
1209 1752
1078 1864
1122 936
1692 1767
946 1849
563 348
1863 897
1754 1075
1891 1662
1475 1716
1316 1583
1522 1211
1277 1414
1135 1086
1431 1006
1861 916
1770 1630
1078 1211
1110 606
1750 1752
1144 1328
1730 1513
1475 1261
1610 1352
1714 1530
1398 1449
1673 606
947 1243
1891 1540
1216 1452
1643 1813
973 1883
1333 1097
1888 1516
1547 1736
999 1810
953 1488
1235 1448
1226 1630
1522 1124
1714 1622
1663 1196
1533 1802
1017 1612
1019 1587
993 1551
1864 1211
1619 1163
1398 1471
966 1222
363 1744
966 1086
1833 1886
995 1559
1666 1726
1882 1237
1156 1377
1712 982
484 1237
960 1017
993 1122
1886 1340
1237 1397
1790 1844
1663 1128
1893 1426
1839 1101
967 1563
1185 1612
1637 993
1721 1352
1730 978
1736 1078
1343 1435
1600 1078
1184 1126
1605 1839
1469 917
1721 1331
953 978
926 1280
1800 1724
566 1574
966 1285
991 1641
1548 1319
1714 1026
1845 1501
1426 1007
957 981
1329 1230
1768 1488
1125 1336
1199 1604
1436 1068
1826 1730
1774 1480
1859 957
1652 1717
909 1889
1734 1741
353 1425
1335 1668
1612 1017
1214 1643
1390 1867
1571 1722
1488 1737
1598 1668
1043 1889
1524 1746
348 376
995 1722
1591 1257
1227 1231
1883 1440
1879 1823
1795 1867
1839 1272
1793 1768
1730 1182
1097 1548
1778 641
1274 1588
1452 1533
1542 1845
1675 927
1757 1888
1603 1753
1597 1242
1623 1243
1757 1782
1122 606
925 1643
1100 1578
1768 1813
1447 920
1583 1379
1402 1126
954 1032
1604 1289
563 376
1360 1687
898 1729
1554 1149
1078 1376
1341 1291
1551 1864
1502 1014
1793 1367
1857 1596
1680 896
1488 1153
1622 1214
1845 1211
1793 1563
1199 1662
1456 966
1692 1446
1473 1113
1079 1804
1539 1086
1158 1715
980 1267
1255 1604
1267 1352
1456 1605
906 1048
1409 1598
1804 1250
1248 1401
946 1480
1373 1060
925 1833
1832 983
1036 1067
1859 1459
1170 1500
1569 1246
1727 1299
1620 1388
1047 1721
1550 1628
1070 1448
1823 1888
1573 1231
942 1871
1879 1839
1367 927
1116 1800
1565 1142
1160 1519
1376 1724
1125 1619
1132 1230
1376 1610
1204 1432
1903 1204
1456 1336
1472 1525
1059 1523
1514 1679
1056 1580
1117 1730
1899 1284
1124 1799
1488 1132
1746 1613
1271 1302
1212 1356
1238 1609
1420 1557
1583 1495
1772 1559
905 1237
1717 1048
1669 1352
1149 1222
1520 1793
974 1703
897 1768
1146 1761
1307 1136
1827 1750
1059 1491
938 1895
1604 1199
1868 1271
1622 1302
1314 1097
1709 651
1533 1568
1572 1659
1613 1804
1100 1221
1678 1491
1613 1621
1621 1589
1257 1647
1736 1017
1074 1029
1393 1535
606 1548
1128 1436
606 580
1600 1054
1191 1110
1230 1116
1172 1662
1431 1199
1257 1426
1211 1437
1399 1622
1610 1793
1124 1447
1245 1373
1662 1772
1871 1392
1126 1399
1623 1707
1211 1076
1399 1124
1070 1507
1789 1819
1209 1557
1155 363
1261 1204
1608 1689
1086 978
1331 1209
1139 1109
1868 1888
1786 1277
1467 1078
1469 1725
1402 1772
1390 1877
1661 989
1559 1370
1685 1707
1288 1390
1757 1532
1604 1818
1452 1880
1351 1551
1428 389
1859 1438
1431 1809
1653 1059
1750 1663
1515 1489
1175 1851
1074 1793
975 1438
1745 389
1833 966
1637 1117
1006 1132
1563 1086
580 376
1070 1703
1707 1620
1211 1833
982 1821
1619 1746
1653 1888
1388 1793
951 1033
1098 1705
1130 1612
1391 1269
1144 1061
1358 651
1550 1413
1227 1583
1318 606
1687 1676
1302 1714
1330 966
1069 1900
1902 993
1789 1532
909 1043
1303 1495
1773 1446
1844 363
1457 1610
1403 1889
1107 1832
1746 1339
1823 1334
1685 1771
1827 1652
1783 1275
1500 1275
1291 1791
1107 1843
1347 1636
1076 1416
1605 1380
1126 1491
1423 1021
1835 1182
1648 1378
1287 1199
1431 1391
1431 1520
1833 1721
1080 1729
1800 1780
1837 1747
1214 1341
1390 1717
1591 1715
1480 1590
1339 1367
606 1565
1888 1886
1807 1569
1131 1831
1393 1707
1902 1833
1255 1269
1078 1214
1819 946
1887 1899
606 1210
1715 1281
1198 1888
1409 1420
1702 1211
993 1209
1639 1570
1575 1885
1845 1753
1390 1619
1612 916
1441 1431
637 517
981 1475
1049 1621
1545 1179
1842 1598
1211 1563
1472 1725
1826 1471
1427 1893
1004 1589
946 1172
1574 517
1721 1110
1329 1334
1724 1128
983 966
1681 1106
1579 1553
1867 1623
1447 1151
1730 1388
1329 1730
1288 1078
538 566
1256 1341
1610 1336
1391 1675
1215 1489
1453 1064
1674 606
1541 1624
1339 1538
1338 1052
1619 1359
1332 641
1839 966
1211 1768
1715 1841
1406 1170
1204 1277
1132 1341
1355 1310
1195 1352
1179 1673
1284 1426
1604 1809
1870 1565
909 1384
1318 483
930 1400
1159 1306
1794 1575
1775 1685
1669 1842
1827 1663
936 1300
1373 1104
1683 1700
1335 1288
1573 1576
1245 1032
1323 1520
1260 1308
1290 1590
977 1748
1685 1613
1622 1845
1536 943
1467 922
1028 947
1209 980
1620 1833
1814 1599
1358 1692
1828 1820
1639 993
1827 1563
984 1245
1861 1789
1305 1614
1530 1431
1285 1598
1663 1689
1603 1135
1727 1373
1816 1287
1580 1483
1339 1126
963 1468
1255 1621
1124 1420
1391 921
1536 1487