248 266
248 244
266 244 
244 283
549 201
504 785
232 386
925 130
226 661
821 1139
504 1259
504 188
188 1259
188 1159
329 796
158 112
939 584
196 1260
661 396
839 606
1073 318
918 980
822 1078
326 471
570 349
914 707
103 681
102 291
486 487
171 645
171 102
102 645
102 566
227 136
473 592
297 363
927 141
1080 741
308 1261
112 936
695 319
841 653
340 319
560 1262
560 319
319 1262
206 850
537 319
874 142
678 811
379 1239
498 1263
125 501
888 406
688 200
383 708
604 405
149 1046
1051 832
1051 1046
1046 832
508 985
1109 734
835 793
226 290
692 551
300 729
727 1212
1086 1026
336 875
254 794
326 1264
486 557
238 1119
220 548
167 206
396 1224
515 166
437 675
807 1265
406 563
672 238
133 720
495 275
143 1266
183 515
207 322
290 1267
