200 201
200 202
202 191
202 201
203 204
205 206
207 208
209 210
139 211
212 213
214 215
216 217
218 219
220 221
222 223
171 224
225 226
227 228
229 230
231 232
202 233
234 179
235 236
237 238
106 239
179 240
241 242
226 243
212 233
244 245
246 247
248 249
250 131
251 252
253 217
167 244
254 255
139 256
257 258
112 259
260 261
262 263
264 265
266 267
268 269
270 271
272 273
274 275
251 276
277 278
149 279
280 281
104 282
283 284
285 250
286 287
288 289
290 291
292 293
165 294
295 296
297 298
299 274
300 144
173 301
302 303
218 304
225 305
306 307
308 309
310 311
312 227
313 314
112 191
266 315
316 317
161 318
232 319
320 321
322 323
324 325
326 327
328 329
330 331
306 332
333 334
335 211
336 337
202 338
339 267
244 340
341 217
342 343
344 345
346 347
348 349
350 351
352 353
104 354
104 355 
355 354
355 292
254 356
357 358
