1829 2000
1816 894
1759 1094
2001 959
2002 2003
235 1767
2004 1399
2005 2006
1871 2007
2008 1985
2009 2010
1870 2011
2012 1984
1930 2013
2014 2015
1783 2016
2017 2018
2019 2020
2021 2022
1893 1999
2023 2024
1842 2025
2026 1790
1806 2027
2028 1869
2029 2030
2031 2032
2033 1811
2034 2035
2016 2036
1781 2037
2002 1781
1871 353
2038 1865
2039 1204
1902 2040
1762 2041
2042 1298
2043 2010
2044 2045
1873 1750
2046 266
1818 1855
1760 1784
1835 1980
1863 1976
2047 2048
2049 670
2050 2051
1837 2052
1960 2053
1764 1756
272 361
2054 1802
1784 2055
2056 2057
2058 1081
2059 448
2060 2061
2062 2063
2064 2065
2021 2066
2067 2064
1859 2068
2006 2051
2069 2070
2071 2072
670 2073
2074 1920
1903 2075
1760 2007
2076 1885
1892 270
1977 2077
1757 2078
1858 2079
1867 1927
2080 2081
361 2082
2083 2084
2085 2086
2087 1841
2033 2088
1917 932
1837 1770
1941 2089
2090 538
2045 905
1853 2091
2056 2092
2093 2070
1951 2094
2095 436
2096 389
1844 2097
2098 1812
2099 2100
2003 2101
2102 2103
1778 2104
1768 252
2105 1865
2106 2107
721 2108
2109 1947
2110 1770
2111 2112
2113 1927
2114 2115
2116 318
2117 2118
2119 1915
2120 1850
1899 2121
359 2122
2123 1077
2124 2125
2126 2127
1818 2072
1839 2128
1806 2120
2129 2130
2001 610
2131 2132
1875 2133
2033 2134
2135 2136
2137 2138
2139 2140
1961 2141
1842 2101
266 1750
2142 2143
2144 2145
2146 2147
2148 2149
2001 984
2150 2121
876 2151
1960 2152
2153 2154
2128 2155
1758 448
670 1851
2156 513
1793 1897
2157 2158
2047 1863
1847 1077
2159 1864
1757 2160
2108 2002
2161 728
2162 2163
1988 2025
2164 2165
508 141
2166 1820
2167 2168
2169 2170
1869 2171
2090 2172
2173 2174
2175 1830
2176 2177
1766 1920
2178 2179
2180 264
406 2181
2182 2183
2184 2185
1869 2186
1536 2187
2006 2188
1763 2189
1834 318
2190 2191
2192 2039
1835 2033
2193 1801
2194 2195
406 193
2196 2197
670 2197
2198 2199
217 2023
2200 2201
407 2202
2074 537
2153 2070
2116 2203
2083 2204
2205 2182
1853 2206
2207 1841
2208 2148
1873 2209
2210 2143
2069 1932
2211 2212
2213 2214
2114 1837
2014 668
2169 761
1829 2084
2215 1783
2216 2166
2217 1985
2218 1990
2219 2220
2221 2161
610 1751
2222 2223
2224 2002
1838 242
217 1835
2007 2225
855 2226
1804 2227
2228 2072
1999 1936
2229 2230
2002 1997
2231 2232
2233 2234
1905 2235
2236 2074
2237 610
2238 1897
2036 2239
2240 2241
2242 1868
2243 2244
1953 2245
2007 270
1818 2025
1507 2096
2246 1864
2247 2248
2249 2250
193 2167
2251 711
361 1897
2252 1798
272 2247
1869 2253
1941 1799
2254 610
2208 2255
2093 2256
2124 1912
2257 1935
1752 1920
2004 2258
359 2259
2260 1799
2261 2262
1930 1841
2263 2264
2265 761
1937 2266
1770 2267
2087 2268
2083 1971
2269 363
2270 2271
2272 2273
333 1995
2052 2274
1887 2219
1988 2167
2265 905
2275 538
2020 2163
1987 2276
2277 1945
2278 1886
1785 2279
2170 2280
855 2281
2001 275
1902 2066
2282 707
2283 1856
2083 2092
2039 2164
2019 2284
1939 513
2285 2286
932 765
2287 2288
2289 2290
1778 2291
537 2292
2293 2280
2294 2295
1861 2296
1804 2297
2007 1972
2298 2292
2049 2299
2033 2300
2221 2166
1988 1378
2301 2302
2200 610
2303 2304
1825 1873
2305 2306
2307 858
2023 406
1845 2308
2153 2119
1757 235
1963 1873
2072 2309
2310 2311
1995 1991
2312 1812
217 2313
2192 2314
2315 1939
295 962
2316 2317
2018 2318
1939 333
1947 2137
2301 552
2319 1873
1843 2320
2321 1985
2322 2323
2324 2325
2207 2326
423 513
1757 2327
1907 2189
1757 1810
2007 1956
1921 448
2328 711
2329 1381
1823 2194
2330 2331
2080 1837
2332 2333
2158 2334
2335 2336
1794 1862
2337 2338
537 2145
2339 2118
2340 2051
266 2341
2315 2342
1757 2343
2129 2228
2240 2344
2345 2143
2185 1951
2129 1756
1899 2050
2346 2347
1875 2348
1507 242
2349 2350
2351 2039
2047 1950
1919 2052
2023 2015
2352 2279
1867 2353
2004 2354
2355 2356
1806 2225
1894 2315
1951 1838
2357 2052
1988 1809
2358 2359
2360 2361
2362 1897
272 106
1917 1856
508 1799
2363 1946
2364 2365
2062 1818
2033 2366
814 2367
2368 2369
2037 2370
2371 2147
194 711
2166 2372
1842 2373
2085 2025
2374 1319
2085 2375
1868 2376
914 2070
1863 1986
2377 2378
2379 2380
2074 2195
2191 2381
1759 959
1899 2382
1939 509
1987 1914
2383 2384
1883 2385
2386 318
689 2387
1761 2060
1829 2388
2389 1781
1971 2297
2390 1804
1805 1818
1842 1972
1988 1913
2391 2392
894 2393
1969 2366
2394 2325
2395 2396
2003 2397
2184 2398
1850 2375
1759 1081
2345 2399
1812 2400
2401 2402
1933 2403
2004 2398
1757 2085
689 1094
2404 2405
1974 2406
1870 467
2407 2408
2409 2410
2411 962
2412 2413
1289 2414
1868 689
1842 2398
2272 1381
2415 1927
1982 2416
2417 1955
2418 484
2267 2248
2085 2419
2420 1985
2421 2279
2078 2047
2422 2041
1761 2222
2164 2170
1805 2086
227 1751
1825 2423
2424 2425
1840 2225
2185 2356
1878 1763
2072 1877
2426 1783
2196 2427
1893 2428
2429 513
2191 191
1870 2097
1757 2430
2192 1886
1785 2431
2010 2432
2433 1387
2337 711
2272 353
1816 2375
1921 2248
2421 2280
2364 264
2434 2184
2435 2436
2124 2437
266 2438
2429 2015
1875 2225
2439 1952
2067 508
1951 264
855 2440
2441 2442
2194 2443
2002 2444
2420 1040
914 2445
570 2440
2446 2447
1843 2448
266 1094
2449 711
1841 2367
1854 2211
2346 516
2450 2451
2452 2453
2162 2454
266 2256
1926 2326
1777 1995
1810 1599
2368 2218
1898 2425
2039 1893
2455 2456
2457 2458
2143 2459
2437 2196
2460 2388
1868 361
2420 2122
2461 2462
2463 2464
2348 1528
2465 1982
2007 1081
1757 984
1751 270
2463 2342
2251 2466
1843 2070
2467 1753
361 309
1824 2313
2374 2319
2050 2468
1845 2122
2469 1927
2470 1378
2148 1863
2471 693
2472 2387
2471 1920
1988 2121
1816 2473
2474 2346
2475 1936
2000 2258
2170 2476
2097 2223
1752 2477
2478 2479
1843 2480
1935 616
1905 2018
1961 905
2319 1319
2481 2085
1830 1799
2167 2482
2247 2483
1832 1990
2346 2484
2216 903
193 2124
914 1880
721 242
1933 2485
1913 711
2262 2486
1842 2487
1829 2488
1760 1972
2223 1094
1818 2489
2439 1969
1818 2388
2490 2491
1893 2115
1507 2492
2493 2494
467 2495
2267 1783
2114 1781
2004 670
2036 1803
2496 1876
2374 508
1891 914
2497 2498
2499 2500
932 2501
2110 2164
2472 2502
2503 2400
2504 1765
2505 2366
2221 2124
1845 2506
2083 2507
2067 2508
1818 2400
1780 2167
2509 2510
2511 275
2512 2513
2216 1790
2502 2080
2208 2231
2180 2514
2153 2310
2135 2495
2212 2366
1929 2515
1778 610
2310 1829
1937 2166
2355 1129
2047 2079
2067 2308
2516 2517
2507 2162
2518 2519
2520 2241
2521 2522
2523 2524
1945 2525
1998 2057
2167 2082
1985 2345
1835 2050
2522 1802
2315 2526
2527 2528
2033 2529
2530 2531
2272 2532
2533 389
2534 1887
2535 353
1918 2536
1055 1873
2537 2326
2260 2538
1998 2398
2539 693
1832 2540
217 1865
1881 2354
537 2541
2542 2543
1975 1769
359 2544
2545 2546
1794 513
2346 2547
2548 2549
670 2326
194 1081
2550 194
1870 2551
1878 2552
2472 2474
2391 227
1857 2315
217 1802
1804 2507
982 193
1854 2485
2553 1006
1998 2227
2102 467
1783 2554
2310 2555
2123 1861
2476 2173
2217 2301
1935 1781
2556 106
2467 2236
1750 2557
2558 2019
1835 2559
876 2041
2123 2560
2561 2251
2307 2147
227 2105
2331 2562
2234 2118
1881 2252
932 1824
2310 2551
2418 2563
1935 2564
2006 2552
2078 2296
2548 2167
2014 2565
1893 2566
1878 1775
2018 1767
2368 2567
2568 2392
1870 2129
689 295
2391 2095
1992 1951
1843 903
2211 1319
2569 2170
2419 2570
217 2571
2572 2121
2150 2573
1845 2574
2185 2575
1818 2576
1921 2436
2078 2069
1812 2169
2577 2105
2241 2189
2578 1798
2001 1990
2579 905
2259 1927
2080 2244
932 1958
1869 2580
2509 2581
876 2349
2545 2011
2582 2583
2221 1381
2584 2585
2124 2096
2101 191
2045 1870
1812 1820
2076 2019
2586 2339
2114 1886
227 1785
2048 2273
141 2095
2587 1755
2200 2092
2386 1976
2588 2542
2460 1829
2014 2070
2216 2589
2590 2339
1794 2591
2429 2592
537 2593
2052 2506
333 1212
2594 2595
1837 2596
2072 1782
2001 1378
1835 2597
2093 2438
2215 2598
1944 2599
2600 2204
2146 2409
2462 2502
2207 2077
2601 448
2105 711
2602 1793
2603 1931
266 2604
2467 721
2192 707
2551 1859
508 2365
1875 1955
2019 2605
1865 2606
2607 1204
2608 711
2309 1877
1839 2609
2004 2610
2611 353
1930 1896
2309 2522
2438 2343
2080 2112
1924 1837
1772 1951
2205 2612
2602 2041
932 2613
2548 538
1891 2614
2490 1781
2424 2615
1871 2302
2468 2616
1961 1873
1770 2228
2351 1922
2617 2080
2341 2213
1988 2618
2391 202
2191 2308
359 509
2161 2364
359 2489
2418 2297
2267 2273
2619 2170
1945 2620
2369 1846
2049 2621
2622 1914
1878 728
2014 309
2110 1824
1942 513
1840 333
1933 309
2037 2163
2623 2624
2625 2315
1995 2574
2626 2413
2627 2628
2629 2382
2630 1212
1841 1958
2201 903
1845 2631
2632 141
2633 2634
2072 1006
1996 1835
2096 2415
2139 2635
2468 1775
2090 2636
2298 2637
2014 2638
670 2639
2180 436
2640 1843
1988 2208
2641 616
2028 2284
2260 2107
1830 2271
2642 2566
2328 2170
2623 2625
2096 2586
2192 2538
1941 2643
2593 2296
2046 361
2644 2070
2181 318
2472 2645
2490 2350
2572 1867
509 1875
1948 858
2646 1925
2148 2266
2647 2624
2648 2153
2099 1915
2602 1897
2395 2649
2579 2170
2215 2407
2650 2121
2577 633
423 2544
2651 235
2652 2382
1948 2653
2461 2654
2328 1986
2285 2655
2551 2094
1798 2308
2656 2337
1785 2166
1982 2051
1873 1910
2657 2360
2658 610
2400 2625
2659 2356
2660 2661
1870 1797
1832 693
1929 2562
1874 2372
2490 2000
2143 2662
2663 1837
2664 1776
2060 1952
2004 2151
2170 1832
2083 2665
2183 2167
2351 2258
2169 2666
689 1802
1806 2667
914 707
2001 2522
2668 2124
2569 959
2586 2669
2247 2670
2192 2315
2339 1891
1951 1875
407 610
2000 2671
2672 538
2395 2429
2315 136
2673 2674
2675 1939
2676 2092
1789 318
1878 318
1902 2677
2678 2679
1816 2680
2681 2304
2682 509
2683 2070
2489 2684
1818 721
2685 318
1785 1759
2216 141
2164 711
2260 1950
2102 2010
1816 1880
2686 2687
2406 2466
693 295
2688 2583
2689 1081
2415 2221
903 668
2173 2047
2690 1816
2423 2247
2246 2691
1765 2692
2693 1129
1842 2694
2196 855
2695 2170
2696 235
2642 2697
2202 1081
2475 2698
2319 2247
2233 1816
2699 2700
1899 2701
2236 2092
2702 2703
2374 2546
2672 2704
1778 2705
2085 2049
1781 1895
1917 2014
1939 508
2116 2706
2707 2201
193 2127
2288 2610
2561 2597
2196 1915
2629 2166
1983 1756
2095 1798
1806 2708
2660 2709
2415 932
2678 2007
2208 2710
2468 2302
1958 2413
2169 2711
1887 2712
2450 2713
2198 1231
814 270
2438 363
2060 2296
1974 2714
537 2715
1843 309
1757 2716
1841 2717
1951 1043
2718 1897
2167 2719
2155 2303
2720 905
2707 2721
2185 2276
1810 2345
2722 2723
1868 1958
2249 1790
2652 2724
2192 2689
2185 2725
2726 2727
2438 2153
1923 2501
2002 1989
2522 668
2247 2423
2555 1920
202 2151
406 2165
2185 2163
1927 2728
2042 1170
2729 2208
2730 2525
2364 1840
2221 2268
266 2119
1873 1922
2357 1968
1935 2308
2708 2292
2207 2222
2299 1882
1951 1966
1899 1170
2144 2068
2520 2712
2681 2731
2732 1908
2096 150
2018 1789
1937 2388
2733 2734
2735 2736
2737 552
2389 2547
1989 2148
1805 1806
2346 2738
1843 2096
2227 2739
1763 2740
1842 2164
2407 1920
2161 2037
1844 2202
2741 693
2110 2742
2584 2082
2743 106
1806 2744
2745 2162
2223 2746
2747 2748
2052 2749
2275 2750
2144 2129
202 2751
2220 2752
2753 318
2475 1920
2170 1882
2545 2754
1958 1838
2148 2649
2001 2276
2004 1767
2755 2756
855 1040
2757 1528
1880 2132
361 2171
1752 2758
2242 1927
1954 2597
2097 1752
2391 2058
2415 1016
2753 728
2191 295
2759 2325
914 2124
2695 1763
1928 2262
2760 2761
2612 2371
2322 2762
1833 2099
2675 361
2350 2510
1870 2763
2144 2011
2346 1969
2710 924
2288 1868
2764 1096
2652 616
2175 2496
2590 2327
1824 2461
1865 2638
1765 2331
1875 2099
2765 2766
2069 2767
1816 538
1870 2593
1770 2768
1988 2238
2548 1077
1945 2591
2517 2525
2340 2769
1869 1996
2689 2671
2185 508
2770 270
2481 2022
1536 2771
1995 1854
1941 270
2479 516
2083 2572
2671 2772
2247 2773
2177 2774
1806 2775
2135 1927
509 2776
2477 2483
2650 2777
2778 2256
1994 1799
1843 2779
1996 2780
2438 2680
202 1897
2319 2343
2632 2781
2185 264
235 2782
359 2268
1869 2326
2083 2000
2191 2753
2783 1757
1999 2464
2142 2397
2626 513
2004 2784
2114 537
2008 1995
2050 2785
1988 2268
1843 2786
2787 2665
2155 2128
2083 2050
1945 2788
1840 2022
2074 2023
312 295
2759 2789
2790 2495
2791 1770
2412 2047
2792 1204
2339 1959
2019 1893
2144 2630
2755 2644
2019 2793
1832 2214
1802 2794
1785 2795
2093 2213
2796 2797
2198 2267
1941 2649
2114 2247
2798 2799
1849 924
1760 2221
1768 1985
1835 2756
467 2487
1761 2800
2184 2019
2505 2650
2016 1986
1814 1921
1917 2801
1810 2802
2764 2803
2389 448
2212 508
1812 1833
876 2165
2755 2804
1995 552
2192 191
2805 2279
2105 2577
2236 275
2470 1935
1842 2490
2386 1873
689 2694
2806 2413
2664 2000
2682 1799
2339 2650
2295 2681
1873 1905
2807 711
903 513
2650 2808
2798 1986
2809 1866
2810 2273
2664 1897
2282 2811
1982 1319
2722 2812
2047 2436
2300 1958
1841 1378
2813 1829
2486 2814
2815 1381
1763 2816
2817 2802
1792 1906
1939 2201
1893 2247
2039 728
2116 1988
2185 668
2818 2029
1760 1759
2119 2819
2119 2425
2820 2821
2351 2627
2143 2822
2008 2536
1947 2823
1891 2051
2814 2486
2510 1809
1799 2256
217 2563
2476 272
2696 2228
2153 2375
2665 1761
1840 2188
2175 2824
2087 2727
2825 728
2280 266
1870 2826
2827 2828
2184 1837
1960 537
2584 2222
1863 1990
1798 2671
2236 2654
2553 914
2829 1845
2438 2279
2033 2196
2441 2830
1814 711
2094 668
2169 984
1991 2831
2691 1750
1842 2666
2391 1856
2760 2170
2832 1807
1766 1943
2652 924
2833 1976
2695 235
1975 275
2590 2624
2834 1897
2738 2835
2792 1876
2129 2016
2144 2836
1886 2835
1839 1795
2470 2211
1843 1949
2661 1921
2630 2837
2661 2838
2326 2136
2129 2839
2166 1804
1804 2840
2607 2841
1839 2835
2842 2843
2450 1897
2368 2844
2625 2120
2438 235
359 2845
2300 2649
1865 2162
2460 1766
2846 1870
374 2292
1870 2413
2319 2487
1921 2847
1941 1875
1835 2827
2626 2564
2848 2849
2364 984
2659 1866
1818 2471
2023 2181
2848 1756
2475 2145
982 2392
670 2850
2650 2851
2254 2239
2456 2738
1913 2711
537 2852
2039 2027
193 2765
2697 903
359 2615
2169 2853
484 552
1951 2569
2511 1077
670 2125
2167 2410
2190 2420
2854 2416
2640 1289
1759 2423
1835 2590
2127 1096
2630 2855
2691 2266
2856 2857
2175 2665
1982 1986
2374 670
1825 318
2240 2858
1843 2122
2099 1289
264 1381
2185 1776
2374 1077
2298 2859
2860 2861
1833 467
2862 616
2760 2755
2626 1381
1820 2832
1907 2522
670 2045
1814 1528
2486 2244
2492 2578
1988 2863
1772 2864
2099 2765
1982 2865
2420 693
1845 1784
2866 1954
2801 2167
1806 2228
2391 406
2167 2400
2485 2711
2211 2164
2672 1931
1801 2867
1752 1856
1881 2368
2868 711
1507 2495
2212 1910
2481 2520
2145 2869
2260 2272
2150 2166
2870 353
1832 272
1783 2278
1779 2671
1959 2256
2191 2507
2249 2871
1772 1897
2872 2271
2873 2334
2708 2874
1806 2875
1868 2082
2682 1951
2020 984
2472 2471
2471 2216
2182 1756
2153 275
252 2181
2876 1926
2216 2422
2854 2434
1892 1962
102 1289
1870 2705
2004 1936
1806 2171
2877 2077
670 2097
2039 513
1878 1776
2592 2266
1824 2878
2760 2041
2510 1868
2852 1952
2052 1912
2290 2274
2192 2226
2879 2334
1987 894
2880 2767
2198 616
2192 2423
2215 2816
1853 2636
2258 2006
1783 728
2672 2493
2078 2413
2364 2425
2216 2881
2419 2882
2589 2684
1781 1925
2522 2883
2167 1378
2310 2884
1960 959
1854 2799
2336 2353
1752 1910
633 436
2623 2858
