512 731
582 100
443 518
518 100
443 100
645 633
561 590
604 983
586 190
1169 718
419 458
449 363
1135 1043
207 942
942 630
630 207
248 630
491 841
1042 1157
606 1170
237 103
689 299
982 193
186 629
1171 789
174 720
463 1172
463 720
720 1172
1173 1006
1139 728
885 851
893 630
120 308
120 630
630 308
953 363
347 245
512 581
181 971
181 581
581 971
953 1058
419 713
488 941
941 713
713 488
115 807
388 1174
1089 960
341 392
582 696
696 392
341 696
187 487
1027 1170
727 305
174 184
184 305
305 174
1139 138
837 1175
377 826
319 1176
340 873
893 1177
268 286
192 1178
189 202
189 172
202 172
620 1113
1179 130
874 318
1128 611
541 1180
669 689
669 541
689 541
979 1101
416 725
382 438
630 318
546 123
190 610
449 185
185 610
449 610
365 358
187 489
1181 181
369 1182
764 571
555 1112
244 700
718 651
839 885
214 447
108 442
139 292
320 691
691 292
292 320
183 1042
933 208
1183 1184
520 992
313 345
378 1185
535 353
502 824
1186 651
551 624
368 1187
687 512
406 1028
194 890
217 320
563 354
156 1188
534 208
273 466
678 548
382 796
933 1153
209 245
365 852
790 1189
668 1190
727 217
408 363
1191 283
685 1192
377 669
1193 1194
367 708
696 610
633 490
557 630
311 549
737 349
454 158
874 164
341 1195
1196 1197
