3825 3568
3549 3905
3750 3596
3710 3713
3611 3542
3726 3972
3633 3448
3550 3968
1085 3721
3623 3866
3640 3800
3762 3559
3609 3495
3793 3951
3633 3873
3471 3851
3596 3780
3576 3707
3633 3596
3500 3615
3944 3559
3867 3599
3471 3845
3953 3775
3799 3638
3562 3479
3926 3930
3826 3869
3782 3558
3838 3804
3542 3926
3448 3851
3517 3577
3620 3792
3860 3528
3924 3969
3697 3830
3702 3627
3493 3792
3527 3851
3558 3826
3612 3937
3674 3851
3463 3909
3830 3813
3510 3915
3677 3577
3964 3836
3764 3758
3822 3833
3610 3847
3797 862
3950 3750
3510 3529
3797 3741
3895 3464
3788 3491
3758 3764
3462 3800
3528 3611
3718 3584
3484 3842
3545 3480
3608 3735
3966 3860
3697 3440
3651 1085
3734 3760
3825 3843
3802 3705
3719 3511
3492 3556
3616 3513
3683 3886
3743 3628
3486 3706
3722 3876
3475 3902
3966 3540
3824 3495
3931 3825
3743 3917
3695 3830
3596 3889
3926 3804
3958 3951
3830 3457
3860 3902
3468 3534
3868 3567
3604 3449
3668 3466
3474 3945
3968 3926
3677 3438
3716 3616
3711 3794
3730 3514
3584 3947
3968 3550
3739 3657
3651 3449
3557 3642
3576 3577
3640 3785
3500 3766
3596 3838
3616 3918
3657 3892
3730 3635
3683 3692
3448 3596
3867 3553
3831 3830
3884 3734
3484 3971
3563 3656
3826 3896
3971 3693
3635 3804
3912 3743
3692 3667
3728 3508
3669 3502
3892 3874
862 3501
3832 3596
3615 3508
3568 3758
3529 3972
3559 3528
3458 3822
3803 3690
3967 3587