3605 3528
3671 3821
3728 3722
3894 3679
3521 3831
3945 3752
3641 3907
3604 3841
3956 3460
3474 3554
3554 3443
3609 3877
3607 3478
3794 3511
3738 3945
3695 3581
3486 3463
3628 3743
3684 3491
3519 3465
3876 3629
3870 3906
3740 3862
3809 3920
3521 3508
3757 3774
3640 3884
3495 3971
3702 3966
3538 3819
3687 3966
3563 3886
3633 3578
3969 3792
3930 3765
3483 3499
3884 3596
3577 3889
3835 3921
3568 3782
3737 3804
3520 3684
3869 3558
3962 3577
3599 3728
3736 3938
3674 3651
3670 3880
3805 3916
3824 3545
3692 3684
3826 3976
3649 3479
3542 3804
3604 3861
3505 3827
3740 3865
3877 3517
3869 3706
3924 3794
3612 3836
3497 3940
3442 3455
3794 3924
3640 3762
3905 3679
3593 3568
3499 3535
3652 3825
3775 3895
3590 3722
3633 3692
3640 3790
3841 3604
3644 3747
3604 3948
3617 3604
3877 3886
3687 3830
3531 3771
3784 3896
3906 3593
3579 3975
3845 3448
3617 3927
3967 3920
3927 3617
3774 3899
3474 3823
3756 3830
3465 3957
3485 3838
3918 3879
3705 3608
3646 3810
3514 3518
3672 3462
3920 3776
3809 3478
3528 3527
3830 3831
3902 3684
3614 3758
3736 3948
3494 3583
3954 3742
3599 3835
3918 3664
3890 3826
3618 3873
3639 3883
3718 3947
3510 3634
3539 3724
3611 3858
3440 3805
3488 3452
3514 3604
3848 3799
3455 3921
3867 3907
3869 3947
3553 3698
3585 3490
3968 3736
3484 3521
3979 3674
3609 3633
3628 3868
3685 3521
3497 3672
3465 3701
3715 3907
3760 3540
3534 3793
3617 3584
3627 3790
3562 3516
3488 3559
3810 3758
3680 3878
3707 3930
3948 3683
3900 3718
3674 3525
3528 3485
1085 862
3545 3737
3898 3502
3734 3756
3939 3546
3576 3559
3845 3838
3741 3609
3818 3601
3862 3740
3545 3501
3971 3797
3511 3507
3664 3960
3491 3971
3610 3660
3596 3693
3684 3448
3527 3966
3894 3447
3906 3909
3653 3789
3810 3924
3625 3797
3648 3506
3438 3448
3473 3819
3553 3663
3944 3683
3895 3690
3723 3961
3859 3543
3518 3858
3468 3810
3734 3501
3651 3929
3616 3844
3532 3468
3488 3640
3621 3797
3553 3629
3505 3521
1085 3525
3633 3611
3749 3918
3611 3891
3671 3511
3501 3877
3569 3509
3715 3455
3926 3830
3750 3684
3785 3800
3973 3833
3618 3734
3760 3734
3730 3640
3822 3896
3548 3547
3830 3680
3906 3524
3534 3617
3760 3438
3446 3546
3926 3902
3524 3602
3785 3640
3826 3643
3656 3684
3790 3683
3972 3761
3957 3837
3526 3769
3495 3962
3731 3605
3870 3680
3759 3837
3598 3936
3902 3527
3873 3736
3722 3526
3871 3628
3512 3929
3732 3610
3640 3545
3529 3752
3634 3510
3662 3446
3715 3710
3586 3971
3893 3612
3895 3617
3458 3810
3464 3601
3862 3590
3561 3469
3648 3631
3487 3961
3633 3938
3495 3609
3684 3828
3884 3971
3468 3782
3753 3773
3545 3828
3723 567
3780 3842
3777 3468
3794 3486
3543 3475
3635 3930
3830 3576
3792 3969
3581 3481
3482 3685
3698 3505
3596 3605
3456 3831
3736 3873
3835 3753
3780 3525
3783 3587
3636 3666
3528 3605
3440 3734
3727 3745
3763 3648
3596 3788
3521 3470
3734 3611
3786 3906
3529 3460
3684 3966
3799 3848
3488 3576
3714 3705
3775 3496
3553 3563
3576 3938
3918 3720
3952 3799
3778 3722
3488 3627
3764 3793
3596 3542
3584 3631
3481 3695
3508 3442
3760 3948
3658 3756
3691 3560
3938 3495
3804 3450
3931 3793
3835 3862
3463 3555
3779 3610
3702 3832
3793 3763
3753 3636
3924 3909
3469 3956
3909 3906
3692 3962
3460 3469
3546 3811
567 3487
3721 3938
3804 3518
3440 3600
3520 3625
3734 3633
3756 3565
3629 3590
3679 3546
3530 3511
3475 3484
3767 3927
3503 3672
3472 3526
3509 3869
3638 3952
3696 3747
3483 3617
3456 3842
3604 3790
3492 3841
3672 3852
3535 3524
3725 3743
3623 3645
3873 3475
3465 3757
3671 3793
3482 3508
3707 3756
3672 3702
3964 3967
3770 3459
3707 3785
3793 3623
3621 3684
3611 3785
3460 3601
3623 3601
3594 3479
3521 3753
3578 3828
3557 3518
3705 3521
3621 3902
3852 3886
3577 3448
3976 3822
3962 3545
3868 3743
3514 3884
3964 3920
3872 3575
3599 3629
3658 3596
3786 3793
3577 3674
3702 3948
3862 3629
3947 3463
3469 3829
3510 3761
3593 3714
3838 3485
3684 3902
3534 3770
3648 3903
3603 3640
3712 3491
3555 3463
3554 3761
3633 3667
3557 3611
3750 3496
3540 3556
3938 3902
3460 3464
3824 3452
3665 3825
3722 3827
