827 819
830 826
828 752
756 694
828 728
821 701
724 708
826 842
719 713
764 783
831 820
829 696
697 849
840 803
694 774
810 710
823 830
835 779
747 739
787 748
722 829
708 823
849 828
748 787
688 774
844 697
698 828
768 733
820 853
789 702
823 828
755 809
830 834
702 732
747 708
834 715
805 761
703 792
713 818
774 769
707 767
759 705
724 766
718 797
698 798
774 856
722 694
687 823
718 764
829 694
810 834
745 718
724 834
778 705
747 848
814 810
726 752
811 769
736 724
797 708
847 756
827 703
809 718
746 742
827 724
856 687
805 687
717 852
809 720
688 828
705 834
698 774
814 719
696 834
734 723
838 754
853 688
848 694
816 833
727 824
737 805
737 745
822 791
845 800
746 816
837 792
794 745
831 805
806 818
752 805
706 731
687 838
726 754
807 805
719 724
697 701
784 705
829 722
805 780
766 731
840 779
764 781
847 694
814 800
719 733
694 697
793 758
774 843
835 815
834 844
741 827
819 828
793 809
697 705
708 819
695 706
828 856
747 838
856 708
742 736
724 827
795 751
726 724
842 810
780 815
726 812
769 735
695 694
694 834
828 693
810 747
777 770
778 693
827 830
805 807
727 845
743 782
694 696
697 695
780 687
687 828
787 764
757 775
847 829
828 713
781 787
848 719
745 790
718 828
693 726
705 799
730 747
819 747
835 823
747 820
830 760
826 828
853 752
830 800
806 725
819 830
845 755
820 766
840 708
828 792
752 842
698 776
819 807
828 812
774 738
698 753
747 698
721 848
829 834
764 807
698 697
705 759
770 748
781 849
767 796
781 853
848 819
795 820
815 838
809 747
695 784
736 816
725 806
853 800
720 745
770 824
738 760
845 701
768 839
842 705
734 756
835 838
713 688
752 759
782 813
772 800
824 688
783 728
752 800
724 777
734 770
819 753
822 796
760 705
718 805
795 745
827 766
717 798
770 849
696 713
747 716
698 810
719 726
690 784
822 712
780 713
799 705
722 745
737 773
845 799
693 844
827 849
823 805
853 710
784 766
733 839
770 716
739 720
753 747
823 827
780 840
774 811
751 830
814 724
705 781
759 719
840 823
764 787
829 705
705 764
766 771
836 787
849 697
698 745
818 732
853 731
794 795
842 781
786 782
745 787
828 706
729 856
784 738
766 810
745 800
774 708
798 855
781 829
784 719
815 713
783 809
828 737
780 777
723 828
711 722
695 760
759 828
797 764
719 697
694 853
815 773
838 764
763 804
830 724
853 828
853 695
703 728
827 756
695 738
842 724
846 727
797 730
718 770
780 834
787 793
687 730
845 849
745 722
823 696
812 694
840 830
703 838
697 688
773 731
697 828
817 719
856 765
747 697
808 797
807 739
774 687
837 747
762 805
688 824
795 700
695 700
828 751
827 853
792 780
724 736
713 787
833 699
727 828
842 762
830 754
731 752
716 741
847 815
745 817
780 728
837 693
724 696
784 853
733 782
741 820
856 769
701 774
849 716
834 701
722 719
844 824
753 856
795 738
820 724
838 792
736 788
697 772
687 718
695 840
792 838
780 779
705 823
760 738
752 719
781 809
835 799
716 747
827 760
819 835
706 752
823 708
690 713
846 830
742 746
728 764
827 823
777 688
703 817
688 792
830 828
781 720
703 781
832 720
783 820
849 827
805 706
703 694
824 713
842 694
853 805
810 731
748 793
824 830
771 725
704 777
708 697
705 830
740 748
824 754
728 838
773 853
823 753
703 739
783 687
760 829
800 823
820 797
843 705
827 805
731 827
819 719
747 856
792 739
720 832
698 840
777 724
824 826
830 731
747 783
782 804
748 718
730 803
828 745
754 773
811 698
805 710
696 824
758 781
828 837
823 687
845 780
772 694
849 797
694 690
827 719
758 783
780 766
694 738
793 787
741 747
814 715
724 711
830 745
827 762
789 818
731 784
711 829
805 694
734 724
818 725
783 817
830 856
776 698
829 847
833 816
816 713
749 757
774 823
821 754
845 719
726 784
697 834
726 805
847 719
802 732
778 844
769 856
726 830
828 844
807 747
687 797
723 824
856 807
731 830
760 734
716 728
719 842
810 766
794 695
815 695
745 762
769 798
817 793
814 718
765 697
688 695
697 766
727 854
724 713
724 828
842 695
703 843
847 695
778 828
805 728
765 779
730 720
739 819
719 787
764 843
805 829
705 770
770 705
779 703
856 815
687 805
772 814
772 698
741 770
728 797
836 821
728 820
812 824
708 724
756 688
780 805
780 754
774 773
695 751
810 853
800 842
800 745
848 828
783 827
779 792
828 846
794 784
828 817
766 847
805 695
713 697
766 824
804 856
696 747
747 765
728 807
815 837
824 695
797 827
759 687
787 719
745 758
844 828
838 819
760 830
795 829
738 745
824 760
810 842
745 853
796 822
714 771
747 719
770 781
719 824
834 752
739 740
839 822
760 697
814 805
714 707
754 726
734 713
845 772
726 694
688 819
820 783
824 815
787 827
718 793
713 780
689 712
705 824
786 724
828 726
736 782
836 763
727 846
794 713
713 736
828 845
828 820
819 708
813 745
782 712
766 752
752 831
836 741
830 688
836 758
847 711
840 747
694 820
827 773
781 745
764 720
724 794
694 726
713 778
696 711
797 793
705 809
723 745
834 718
755 705
724 778
818 714
745 774
747 797
800 741
834 713
719 688
797 817
695 696
697 726
698 856
830 694
713 814
837 815
828 824
784 829
694 711
713 734
745 726
802 818
724 821
781 817
697 708
694 773
708 800
711 752
800 727
820 770
687 779
768 722
810 847
716 795
713 705
754 848
713 830
710 810
695 754
845 815
850 713
747 688
840 774
781 755
724 853
709 823
793 783
697 848
803 710
805 737
688 840
713 751
719 823
731 847
758 827
774 824
815 812
689 702
768 742
703 856
805 818
820 690
803 720
773 834
773 737
802 771
688 815
806 796
694 805
853 773
809 797
827 797
727 805
773 829
809 817
694 848
769 753
739 764
738 715
817 850
805 823
850 817
809 728
803 780
732 789
819 705
826 830
824 834
718 703
713 772
702 789
845 688
728 781
745 695
734 693
712 767
777 697
731 781
770 763
796 818
856 747
688 723
768 816
696 774
830 827
747 840
853 820
719 720
800 760
833 813
773 815
831 694
719 814
728 739
737 824
697 820
720 793
738 842
745 751
800 694
827 705
774 805
805 834
827 784
718 815
740 841
730 687
736 721
709 703
703 759
706 719
839 771
823 848
855 852
805 719
728 787
745 719
713 745
812 828
728 817
809 793
738 794
783 797
734 805
760 827
830 723
824 840
797 739
835 703
738 752
766 727
773 831
768 707
765 780
799 813
773 820
792 803
809 827
848 747
786 813
780 726
817 740
805 724
752 713
805 703
738 724
842 751
782 743
706 834
751 726
778 726
698 800
791 822
829 781
734 719
711 784
687 783
818 697
853 713
708 811
830 687
771 691
752 830
771 802
819 724
807 765
784 795
724 719
728 747
696 738
805 840
726 778
696 795
706 694
697 731
825 856
810 773
834 719
703 827
742 759
805 842
816 746
807 764
828 830
729 804
728 824
752 711
845 727
712 714
714 789
754 703
828 807
687 688
726 821
815 731
736 713
765 835
760 713
722 711
687 764
838 823
697 780
745 737
724 826
731 705
828 826
713 845
696 727
705 831
842 784
739 687
726 853
779 828
820 752
766 820
835 754
703 719
818 802
828 784
768 786
760 726
834 810
838 805
705 763
713 748
823 840
706 784
718 687
694 706
840 696
800 856
751 842
780 828
829 713
823 774
797 728
712 736
809 705
851 828
792 805
777 687
828 697
760 724
747 748
815 853
694 830
764 805
805 696
713 696
854 727
705 803
755 720
748 697
856 811
797 828
779 687
705 739
732 818
781 815
709 828
815 824
709 835
705 820
804 782
696 780
709 739
693 823
748 703
803 718
781 794
739 747
703 797
813 782
800 805
701 747
760 701
805 824
805 800
713 819
829 796
720 808
752 706
706 705
784 695
833 782
798 852
687 765
752 688
774 784
787 713
819 698
708 769
688 756
830 847
841 740
731 853
688 687
781 836
688 777
806 789
842 827
719 718
830 697
828 842
830 792
828 724
781 814
806 822
817 687
849 719
856 698
694 810
770 777
772 828
824 724
835 837
731 694
756 734
747 837
848 727
762 810
842 738
687 759
758 718
826 766
728 779
739 703
706 695
823 709
842 719
781 719
797 831
815 805
764 728
694 752
733 829
695 781
719 772
836 755
738 781
819 823
774 820
695 766
792 819
828 705
820 741
705 728
773 847
828 847
754 792
772 713
787 739
694 756
842 727
739 840
797 787
697 830
834 694
814 760
765 747
754 739
827 817
779 777
798 698
760 800
814 755
820 697
745 795
719 728
805 713
844 705
688 770
849 793
687 830
818 806
846 785
787 817
754 709
805 760
735 800
780 845
853 815
847 745
740 831
848 709
760 794
734 847
755 745
805 853
718 745
730 763
803 705
781 701
766 719
780 695
824 828
694 828
709 754
843 807
842 795
754 779
747 713
747 758
806 732
793 850
820 726
800 719
780 830
787 718
752 820
739 828
739 793
694 798
754 701
696 745
830 853
753 769
763 716
817 809
760 814
840 698
780 697
697 800
815 737
732 702
837 805
850 771
698 772
840 837
814 762
745 784
705 738
705 762
700 745
824 848
835 697
784 694
695 745
812 837
831 797
705 719
790 832
833 768
824 770
747 752
784 727
734 695
823 800
805 739
713 774
766 760
739 807
830 849
856 828
771 714
810 745
697 696
766 823
773 713
817 764
711 710
787 728
705 694
803 770
800 766
731 774
697 698
849 845
701 842
805 705
780 824
760 828
773 724
795 784
797 849
826 824
830 701
745 834
823 694
807 792
823 726
794 781
709 843
809 764
799 704
783 787
820 831
793 849
722 737
798 694
849 766
759 728
832 803
781 800
810 856
856 772
824 805
818 771
766 759
849 748
817 728
773 828
773 754
703 805
726 713
824 781
849 763
715 745
713 810
710 805
718 747
734 853
778 724
696 695
693 713
720 764
843 823
737 719
831 853
728 835
779 764
784 760
760 719
761 848
835 709
695 719
713 766
784 827
838 807
838 835
778 734
820 795
824 844
781 715
774 747
695 830
741 800
829 724
828 694
751 828
838 840
771 688
705 724
823 815
781 793
718 695
748 797
835 792
713 742
695 718
793 720
731 697
774 800
724 795
697 724
845 745
769 800
842 734
728 843
837 824
827 809
823 724
710 694
838 780
696 778
687 856
827 694
824 784
713 816
725 771
762 719
697 819
791 732
840 697
720 781
777 754
792 837
773 696
764 739
724 705
720 705
839 767
853 829
788 732
853 830
690 731
688 747
727 849
824 842
777 713
697 719
805 817
824 837
827 810
815 819
724 823
752 745
814 828
752 738
705 761
748 779
747 807
800 851
818 789
828 747
830 778
759 703
815 719
853 706
687 703
792 779
834 814
698 811
701 697
714 818
828 819
820 694
771 791
836 773
759 766
752 827
803 840
697 721
727 694
784 696
774 731
761 805
701 830
718 817
828 781
815 823
849 824
814 708
843 764
747 730
705 814
734 778
747 793
770 741
713 817
824 745
760 784
845 770
810 814
787 720
781 713
827 814
754 840
823 747
739 758
701 845
728 737
847 705
745 723
839 725
774 701
731 719
726 844
772 827
703 779
784 800
784 745
829 784
773 780
745 760
739 787
724 731
697 818
723 766
773 821
842 834
780 694
834 800
823 728
741 703
817 805
810 719
805 827
856 800
760 694
846 734
820 716
693 695
713 833
787 705
713 777
830 751
824 847
849 727
770 704
709 830
727 756
728 716
705 752
781 705
827 781
850 792
809 781
724 701
713 840
755 793
820 745
752 766
701 794
784 854
765 728
833 806
767 707
847 853
834 696
760 781
711 847
758 808
819 840
718 834
834 853
744 848
775 757
771 818
852 717
752 694
816 736
824 820
762 745
732 725
838 747
773 726
711 724
724 745
820 705
787 809
738 695
764 718
703 705
853 795
823 713
752 781
780 835
817 758
742 829
768 789
738 694
812 726
792 823
764 809
745 823
698 823
713 706
715 738
728 803
694 827
828 764
696 829
697 823
829 822
707 714
803 787
723 688
772 705
702 839
713 827
805 715
737 728
713 834
697 781
834 760
831 705
754 688
811 800
780 747
849 755
793 817
752 823
823 779
740 817
774 828
830 705
701 780
823 697
711 696
742 786
808 705
758 703
728 741
754 821
834 823
742 768
703 687
799 835
804 747
720 739
770 820
694 823
738 826
697 815
781 694
694 829
759 742
745 713
834 724
719 764
702 689
797 770
797 716
742 712
779 835
805 745
747 687
705 703
748 849
718 748
830 752
766 697
753 697
782 691
840 824
792 703
741 835
752 705
834 829
759 752
728 828
697 693
765 856
713 690
831 740
716 820
797 747
694 722
822 732
784 774
779 728
817 787
742 724
779 807
762 814
840 713
713 762
720 730
731 726
773 810
705 745
719 759
755 814
810 698
724 726
713 782
787 823
783 849
713 831
706 815
762 713
733 786
856 753
781 810
747 745
696 688
814 781
808 720
823 810
761 800
794 719
762 799
763 797
712 789
820 722
828 766
772 697
745 814
700 784
741 781
742 707
796 767
813 799
725 732
803 792
784 828
818 713
713 848
697 805
823 739
778 812
780 792
856 697
705 844
765 843
696 694
781 823
781 827
809 703
828 727
803 698
711 745
783 755
752 727
701 726
824 779
781 842
726 773
697 777
828 687
853 738
713 698
687 739
800 853
695 778
781 728
713 760
710 853
835 780
853 696
849 830
805 810
719 827
781 773
834 706
766 849
738 722
738 784
800 772
815 781
713 784
731 706
824 843
792 747
723 727
766 723
695 780
824 709
791 796
783 781
853 836
728 783
792 728
808 793
712 816
829 782
766 853
748 747
755 787
806 788
813 713
834 745
724 848
810 706
772 781
774 713
757 749
745 799
745 820
761 842
766 805
847 688
732 791
807 687
850 822
773 774
721 736
842 773
788 736
805 718
839 702
800 827
792 835
713 828
842 711
853 724
819 856
751 688
817 713
805 774
844 693
738 813
713 694
727 719
688 694
755 836
727 752
739 705
823 787
806 839
761 827
727 766
846 828
697 760
715 805
764 823
800 761
781 824
764 827
819 697
703 793
745 842
697 713
724 754
834 781
800 814
746 833
781 772
774 819
714 689
703 823
719 694
828 754
821 688
832 790
726 701
745 781
805 752
705 722
737 722
805 828
705 845
752 824
696 845
738 713
792 830
838 830
726 760
728 856
752 784
839 733
709 838
715 842
703 718
777 824
705 713
773 836
815 726
781 697
848 844
758 747
784 722
690 820
696 830
834 695
707 712
819 713
697 765
716 849
789 839
820 703
742 789
840 819
844 830
856 830
833 691
781 830
814 829
739 757
834 784
831 690
848 840
769 747
787 836
700 795
724 784
707 742
707 768
805 844
840 856
747 831
853 810
842 826
747 828
834 693
694 731
827 697
804 763
717 855
848 713
764 817
713 746
829 711
697 769
766 713
695 834
825 698
731 805
726 815
793 781
724 773
782 833
828 827
821 836
848 724
805 762
840 848
764 824
689 714
828 688
754 695
847 713
709 777
719 695
728 759
719 840
694 847
738 805
814 799
830 726
691 833
711 738
837 812
771 850
758 705
728 809
760 824
719 706
819 827
688 771
695 726
700 794
827 713
711 695
713 721
760 695
762 827
837 737
819 687
706 773
824 773
787 755
792 850
833 707
769 697
820 828
688 853
766 784
823 853
809 755
694 800
705 760
718 827
698 713
806 850
726 697
781 762
745 706
711 727
771 789
848 721
719 815
745 830
774 810
701 754
830 780
706 847
796 829
705 718
794 760
698 719
747 819
710 847
848 754
727 847
808 809
777 779
835 741
828 851
763 849
726 834
828 797
738 751
731 810
773 719
829 695
743 833
719 722
708 781
705 784
745 711
769 811
853 722
815 847
695 847
830 844
808 787
809 787
695 734
823 807
827 741
840 805
805 731
696 842
814 772
822 839
794 700
820 747
697 840
768 833
797 820
728 719
800 810
697 748
809 758
705 737
838 824
781 760
784 810
791 771
704 770
842 745
705 853
852 855
709 819
762 705
807 843
703 698
787 783
703 809
810 823
810 827
696 853
834 827
834 773
724 734
781 828
796 806
766 734
784 826
828 698
705 810
758 745
807 828
758 755
829 742
844 834
718 823
695 824
703 820
704 848
819 709
814 705
787 808
764 687
856 804
820 763
704 799
739 777
827 758
688 751
827 708
789 771
705 847
823 843
713 781
800 774
764 838
793 739
694 703
724 742
691 782
714 839
758 809
827 787
696 823
765 687
741 763
719 849
695 829
741 828
828 731
766 827
714 822
793 703
688 697
705 836
748 713
715 814
739 805
844 848
805 814