circle0	2540	2047	2543	2332	2183	2094	1941
circle1	2014	2571	2009	2011	2657	1931	2639	2640	2645	1999	2000	1998	2284	2585	2001	2020	2192	2159	2024	2297	1921	1995	2004	2378	2006	2346	2116	2648	2647	2459	2337	2022	2658	2660	2659	2018	2268	2633	1976	2341	1968	1927	1954	2447	1928	2157	2472	1991	1950	2627	2626	1914	2016	2012	136	2364	2636	2494	2015	2097	2620	2583	1951	2538	1935	2143	2025	2027	2171	1919 2540
circle2	2456 2157 2369
circle3	2108	2369	2046	2059
circle4	2439	2531	2185	2254	2548	2461	2558	2375	2219	2217	2621 2026
circle5	2567	2026	2191	2153	2498	1959 2134
circle6	1923	1947	2134
circle7	2125	2543	2502	2224	2516	2519	2582	2649	2298	2643	2295	2163
circle8	2283	2099	2304	2358	2247	2246	2555	2230	2461	2052
circle9	2523 2573
circle10	2456	2047	2455	2543	2382	2204	2541	2437	2241	1985	2142	563	2042	2470	1923	1947	2344	2421	2174	1465	2266	2134	2034	428	2111	2096	2468
circle11	2176	2186	2031	2310	2419	2209	1964	2557	2641	2318	1923	2038	2525	2416	2133	2610	2325	2211	2296
circle12	2506	2573	2426	2561	2348	2098	2137
circle13	1956	2558	2528	2425
circle14	2142	2512	2560	2134
circle15	2336	2283	1949	2456	2458	2125	2605	2455	2424	2017	1915	2332	2382	2204	2221	2642	2120	1999	2501	2437	2523	2183	2224	2587	2598	2142	1996	2542	2581	2042	1922	2470	2232	2023	2316	2649	2156	2421	2565	2062	2328	2577	2168	2114	2231	1465	2266	2041	2096	2243
circle16	2439	2113	2100	2548	2375	2217	2621
circle17	2521	2560	2182	2081
circle18	2298	2230	2577
circle19	2283 2243
circle20	2550	2086	2030	1925	2108	1918	2287	2184	2369	2476	2164	2262	2556	2553	2593	2579	2045	2464	1989	2443	2462	2308	2190	2477	2586	1993	2121	2506	2613	2507	2021	2543	1962	2073	2408	2391	2104	2611	2123	2575	2311	2374	2276	2573	2334	2179	2356	2484	2428	2046	2521	2020	2084	2638	2005	2093	2092	2060	2395	2078	2572	2306	2549	2200	2063	2350	2055	2418	2607	2069	2500	1938	2261	2393	2240	1985	2559	2352	2339	2140	2387	2532	2154	2112	2040	2142	2212	2275	1942	2591	2139	2118	2172	2536	2542	2469	2324	2363	2237	1963	2615	2551	1979	2407	1917	1946	2624	2655	2489	2499	2257	2512	2561	1953	2210	2386	2218	2233	2625	2122	2495	2546	2381	1986	2131	2077	2229	1943	2442	2056	2019	2560	1969	2290	2485	2165	2088	2392	2410	2348	2584	2043	2347	2563	2271	1984	2526	2216	2258	2064	2492	2244	2300	2353	2504	2630	2090	2590	2430	2278	2446	2103	2478	2520	2329	2136	2600	2189	1929	2423	2007	2578	2234	2288	2115	2253	1971	2604	2449	2147	2606	2414	1983	2299	1997	2266	2293	2033	2074	2098	2602	2220	1966	2067	2654	2460	2124	2109	2048	1941	2201	2267	2576	2619	2564	2409	2482	2623	2309	2206	2539	2631	2370	2359	2059	2404	2326	2574	2037	2601	2646	2095	2188	2433	2307	2083	2323	2354	2376	2340	2150	2468
circle21	2394	2282	2072	2110	2458	2053	2075	2294	2054	2479	2177	2384	2509	2221	2377	2652	2501	2003	2451	2161	2511	2333	2438	2002	2222	563	2415	1981	2280	1947	1939	2252	2344	2396	2132	2235	2432	2062	2328	2568	2434	2081	2301	2327	2399	428	1970	1967	2111	58	2274	2603	2101	1959	2199	2096	2617	2390	2243	2537 2188
circle22	2283 2057
circle23	2283	2431	2321	2114	2034	2260	1952
circle24	2106 2399
circle25	2106 2168
circle26	2241	1985	2512	2062	1959
circle27	2398	2320	2259	2622	2349	2426	2513	2444	2486	2255	2170	2515	2401	1992	2399	2650	2466	2076	1988	2376
circle28	2468
circle29	2057	2385	1987	1959	2215
circle30	563	428	1967	58
circle113	2336	2283	1949	2456	2458	2125	2605	2455	2424	2017	1915	2332	2382	2204	2221	2642	2120	1999	2501	2437	2523	2183	2224	2587	2598	2142	1996	2542	2581	2042	1922	2470	2232	2023	2316	2649	2156	2421	2565	2062	2328	2577	2168	2114	2231	1465	2266	2041	2096	2243
circle114	2439	2113	2100	2548	2375	2217	2621
circle115	2521	2560	2182	2081
circle116	2298	2230	2577
circle117	2283 2393
circle118	2550	2086	2030	1925	2108	1918	2287	2184	2369	2476	2164	2262	2556	2553	2593	2579	2045	2464	1989	2443	2462	2308	2190	2477	2586	1993	2121	2506	2613	2507	2021	2543	1962	2073	2408	2391	2104	2611	2123	2575	2311	2374	2276	2573	2334	2179	2356	2484	2428	2046	2521	2020	2084	2638	2005	2093	2092	2060	2395	2078	2572	2306	2549	2200	2063	2350	2055	2418	2607	2069	2500	1938	2261	2393	2240	1985	2559	2352	2339	2140	2387	2532	2154	2112	2040	2142	2212	2275	1942	2591	2139	2118	2172	2536	2542	2469	2324	2363	2237	1963	2615	2551	1979	2407	1917	1946	2624	2655	2489	2499	2257	2512	2561	1953	2210	2386	2218	2233	2625	2122	2495	2546	2381	1986	2131	2077	2229	1943	2442	2056	2019	2560	1969	2290	2485	2165	2088	2392	2410	2348	2584	2043	2347	2563	2271	1984	2526	2216	2258	2064	2492	2244	2300	2353	2504	2630	2090	2590	2430	2278	2446	2103	2478	2520	2329	2136	2600	2189	1929	2423	2007	2578	2234	2288	2115	2253	1971	2604	2449	2147	2606	2414	1983	2299	1997	2266	2293	2033	2074	2098	2602	2220	1966	2067	2654	2460	2124	2109	2048	1941	2201	2267	2576	2619	2564	2409	2482	2623	2309	2206	2539	2631	2370	2359	2059	2404	2326	2574	2037	2601	2646	2095	2188	2433	2307	2083	2323	2354	2376	2340	2150	2468
circle119	2394	2282	2072	2110	2458	2053	2075	2294	2054	2479	2177	2384	2509	2221	2377	2652	2501	2003	2451	2161	2511	2333	2438	2002	2222	563	2415	1981	2280	1947	1939	2252	2344	2396	2132	2235	2432	2062	2328	2568	2434	2081	2301	2327	2399	428	1970	1967	2111	58	2274	2603	2101	1959	2199	2096	2617	2390	2243	2537
circle120	2283
circle121	2283	2431	2321	2114	2034	2260	1952
circle122	2106 2003
circle123	2106 2511
circle124	2241	1985	2512	2062	1959
circle125	2398	2320	2259	2622	2349	2426	2513	2444	2486	2255	2170	2515	2401	1992	2399	2650	2466	2076	1988	2376
circle126	2468 2635
circle127	2057	2385	1987	1959	2215
circle128	563	428	1967	58
circle129	1980	2121	1958	1957	2365	2395	2061	2218	2518	1973	1972	1943	2225	2376
circle130	2443	2595	2457	2527	2483	2588
circle131	2629	2042	2436	2292	2635	2278	2302	2544	2463	136	2143	2128
circle132  3393 6267 9764 4312 7844 0209 3403 3815 5663 6902 2955 3741 3944 8394 4837 1800 4276 1635 1530 3275 2944 8448 8662 1512 7711 4531 4437 2241 9138 2629 8737 2343 0560 6791 0489 7427 9310 4249 2507 9756 7248 9789 3321 7405 3383 2070 7243 3138 9192 9199 7494 6487 1112 2764 1228 4760 7942 1974 4714 5036 8999 7765 0118 6679 6490 4234 4006 0620 4774 2481 3566 4869 1502 1771 0444 3742 6779 3980 6153 5408 2140 5534 2138 0813 7195 6931 9628 0540 9019 9088 9790 3800 8931 1690 6596 7398 0615 2859 4865 4804 9987 3728 7307 3670 6755 6221 7427 2813 0049 1336 3902 3470 8812 5677 9158 3347 7044 6828 2901 0024 7070 5758 8076 7090 6742 6102 9910 7912 2271 9657 1372 2797 6276 1426 8324 9108 7896 6270 5754 9760 0092 2802 2541 7577 1211 2338 9539 3790 9848 9458 6565 0624 9681 1514 3648 1629 9427 7709 9645 5954 5227 8666 7534 2442 3461 2344 5510 6515 9451 6806 1261 8959 7656 9411 6565 2350 8447 0525 0245 2372 1624 0385 7812 3463 7082 0227 9651 4637 2002 5134 8078 0352 9484 1595 3189 2884 9397 7502 3992
circle133  9019 0624 5893 6902 7365 6221 1058 9790 3800 6108 8931 5134 3275 6596 2944 7709 7398 8662 0615 1792 4366 2571 4437 0789 7534 2344 2535 0560 0489 4732 6153 2813 7299 4981 8150 3902 8124 9789 3470 9575 5944 2427 5239 2896 8812 0443 0821 5677 3881 9158 0312 7044 7494 1112 1228 7019 0024 4760 6685 8076 5947 1459 6102 4521 0525 6679 4691 4234 1426 0620 5092 4019 9656 8231 5754 0161 0385 2469 4869 8207 1502 0444 7638 0227 3742 8088 6779 1016 9101 9016 2002 5408 3573 6162 2140 5134 4478 4276 9956 0352 2138 4754 5088 1595 3189
circle134  6168 9095 7416 2955 2949 1324 8326 3565 6108 6948 7147 7642 6526 3962 5127 9289 2495 1247 0492 0803 9713 5377 0990 9431 6449 9698 2571 4437 1178 8335 6306 5821 2400 3727 0657 9293 0560 7004 7015 4590 8124 0380 1650 9623 8397 0971 7990 8800 5048 4249 5207 7248 6154 3931 4416 4860 7713 8684 4649 3292 3175 0191 6906 6830 5993 0475 7942 8929 4712 7703 7285 8367 6569 4434 7971 1921 5071 0185 4234 6486 3789 2515 5963 7046 0845 5008 4071 8756 8875 3168 0444 5452 7735 1369 1297 7700 1980 2937 1990 0473 3494 8565 0393 0295 5890 5113 6931 9733 3559 9044 6561 9176 2521 1201 6220 8950 1260 9886 6041 4170 3288 0092 8033 5800 4887 3315 6661 0269 3349 4611 2882 6477 6479 5331 8500 4076 6341 6962 0366 8609 5466 2363 8672 2779 7798 5130 3662 4920 2061 8536 8486 1650 6257 3786 7473 6535 3480 7307 7089 1018 9973 7442 8352 1579 5389 7747 8257 9553 7282 0683 5892 3170 9050 9388 4468 7350 0150 7511 3470 5950 9209 6352 0422 8395 9046 3800 9176 3973 8782 3347 3453 5964 6422 0001 2862 6664 7090 2555 1922
circle135  6168 7416 2955 1324 2949 8326 3565 6108 6948 6526 7642 3962 5127 2495 1247 2000 0492 9713 0803 5377 0990 9431 6449 9698 2571 4437 1178 8335 6126 6306 5821 2400 7709 3727 2343 0657 9293 0560 7004 4590 8124 0380 1650 9623 8397 7990 0971 8800 5048 3864 4249 5207 7248 3931 6154 4416 4860 7713 8684 4649 3292 0250 3175 0191 6906 5993 6830 0475 7942 5919 4712 7703 7285 8367 6569 4434 7971 5071 0185 4234 6486 2515 3789 5963 7046 0845 9777 8875 3168 0444 5452 7735 1369 1297 7700 1980 9782 2937 1990 0473 3494 8565 0393 0295 5890 5113 6931 9733 3559 9176 2521 1201 6220 8950 1260 9886 6041 4170 3288 0092 5800 8033 3315 6661 4611 3349 6477 6479 5331 6341 6962 0366 8609 5466 2363 8672 2779 7798 5130 3662 7731 2061 4920 8536 8486 6257 3786 7473 6535 3480 7089 1018 9973 7442 1736 1579 7747 8257 9553 7282 0683 5892 3170 9050 9388 4468 7350 7511 4207 3470 5950 9209 6352 0422 8395 9046 3800 9176 3973 8782 5077 3453 3347 5964 6422 6732 0001 0363 2862 6664 2555 7090 4009 1922 2256 8810 9566 5479 4708
circle136  3393 6168 9095 7416 2955 2949 1324 8326 6948 7147 7642 6526 3962 5127 2495 8188 1247 0492 0803 9713 5377 0990 9431 6449 9698 2571 4437 1178 8335 9492 6306 5821 2400 3727 0657 0560 7004 8124 0380 1650 9623 8397 0971 7990 8800 1625 5048 4249 5207 7248 6154 3931 4416 4860 7713 8684 4649 3292 3175 0191 6906 6830 0475 7942 8929 4712 7703 7285 8367 6569 4434 7971 1921 5071 0185 6486 4234 3789 2515 5963 7046 0845 5008 4071 8756 3168 7735 1297 7700 1980 1990 0473 2937 3494 8565 5366 0295 5890 5113 6931 9733 3559 9044 6561 2521 6220 1201 8950 1260 9886 6041 4170 3288 0092 8033 5800 4887 3315 6661 0269 2882 5331 6479 4076 6341 6962 0366 8609 5466 2363 2779 7798 5130 3662 2061 4920 8536 8486 1650 6257 3786 7473 6535 3480 7307 7089 1018 9973 8352 1579 5389 7747 9553 7282 0683 5892 9050 3170 9388 4468 7350 0150 7511 3470 5950 9209 6352 0422 8395 3800 9046 8782 3347 3453 6422 0001 2862 6664 7090 2555 1922 2256 8810 9566 5479 4708 5922 0949 8361 2304 1526 8557 3371 2267 2868 9197 4655 0422 8072
circle137  2415 8195 4084 2415 3658 4276 6669 3962 6301 8391 8727 0560 7076 7331 0305 4118 0657 3931 5783 5204 5635 6346 3185 7805 7980 7930 3762 0902 5008 1990 7561 5241 4044 3749 4652 5253 6225 6110 1018 3656 3330 2201 3480 7307 8421 0608 5556 4835 8272 5236 8918 1403 9248 0449 7041 7158 9357 2152 3920 7895 9197 7027 9895 2836 8304 0763 8867 6339 8102 2578 2129 7705 5684 4425 9616 6611 9583 7235 6481
circle138  2415 4276 6526 3215 7915 8531 1474 8727 2824 3670 7887 2150 4590 5436 0305 7426 3921 5006 3631 5366 0649 4464 4856 5340 1411 5172 3612 1974 7980 8367 7971 1421 1134 2319 2448 7809 6117 4088 1215 0019 0819 4911 3370 6962 4829 9989 3330 1072 3656 9312 0608 7648 4146 4468 1311 4259 5530 2551 6732 6260 2331 3552 2152 8681 1372 1526 0708 4154 1573 9197 3165 4368 7577 5699 2519 1223 5320 9242 4499 5572 1456 6036 7851 3074 0533 3194 4346 6691 0839 0405 9627 9383 4968 1392 7927 8478 7804 2850 4389 3693 5121 7587 7736 8902 7805 7930 8280 1369 2312 6625 9774 2483 8002 0021 1716 0791 9265 3651 1049 9591 3992 9717 2080 3749 1508 2468 0268 6110 0772 0787 6292 1018 2372 3186 2783 6802 1134 2736 9132 3320 4835 4042 7229 0564 3648 4134 3405 8108 9711 8293 8592 4062 8507 5494 4231 7027 0451 3142 3107 0402 1940 5350 5684 2397 0408 6481
circle139  6779 8413 3215 4434 8727 4443 2051 0560 0973 0305 0191 5974 3185 6244 5129 3093 4234 1608 9628 5008 0667 6842 2431 2223 7921 6153 4088 6900 4335 9759 4044 0819 0540 9366 6962 4404 4829 5950 3330 0108 3656 5958 0608 1137 4146 8748 1840 6083 7275 3746 2102 0422 7265 9492 5530 6732 7158 2331 9357 0041 3979 0477 1372 1526 3096 2868 4154 1573 9197 4585 4368 9278 7283 5195 4255 9442 4499 1017 3565 1456 7166 6036 1555 0040 0352 7851 0533 8296 0736 0839 1826 4315 0405 9627 8478 0567 3462 2387 4389 6151 7587 0421 3550 8280 1369 9870 9151 9247 7021 6165 1104 2193 3873 5450 1716 1022 9604 0791 0057 2424 3103 0781 2080 5253 8494 5820 0468 5139 1018 0634 4316 2783 5180 2736 4628 5055 6948 1405 3320 1509 0564 5534 8813 0911 8293 8592 9745 2421 1002 0763 3142 9285 3107 6147 2831 8925


