2090 3000
2351 1841
1942 484
1804 2972
2028 1771
1752 2050
2998 2037
1799 1859
2573 2497
1954 2637
2155 1985
1812 1804
1779 3001
2153 2166
2217 295
2086 3002
2854 448
2351 2389
2664 2280
2002 1784
2067 2495
2425 711
1869 3003
633 1078
3004 2103
2110 2938
2184 2659
2389 2546
2470 1909
2323 3005
2522 1933
1805 2436
2339 2473
1870 508
2509 2051
668 2773
2510 2436
3006 2514
1933 903
2329 3007
2534 2708
2651 3008
2114 1043
1988 2313
2555 1916
2813 2182
2696 509
2611 2593
1868 1920
1751 2057
1861 3009
1983 2016
2236 1751
1816 711
2505 711
1909 2248
1854 3010
2760 1289
1943 2915
721 2099
2588 2247
2409 1775
2422 2673
2339 2936
1917 1235
2450 2415
217 2484
3011 3012
1759 1845
2116 537
2673 1986
1810 2885
2183 1897
2493 2181
1988 3013
2216 2241
2078 2744
2014 2755
2315 3014
2452 2086
2927 436
1988 2105
217 1235
3015 1927
1949 3016
3017 3018
3019 903
2227 721
2007 2832
2290 3011
2247 689
2370 984
3020 2101
1937 538
2042 2099
2026 2398
2760 3021
2153 3022
2894 924
1869 2561
2167 3023
2545 242
2220 3024
2167 3025
2153 1935
2485 3026
2642 2447
2185 1870
2438 1895
2228 2226
3027 858
1951 2330
2938 2436
2437 2341
235 668
2004 2413
1765 1759
2254 2945
2625 2268
2105 2082
1847 2308
2042 2498
2115 2468
1814 141
3028 1129
2467 2099
1941 2039
484 728
3029 2497
2062 2784
2418 3030
2228 1942
2969 3031
2047 1991
2339 3032
102 668
2056 1077
2264 2263
1999 2467
814 2948
2200 1378
3033 984
2227 2051
2685 1995
2205 3034
2002 2114
1837 2199
283 2247
1881 2958
2509 2357
3035 1955
1886 2851
2475 2116
1778 275
2125 2346
272 2945
2522 1873
2028 2251
1824 2388
2471 689
3036 3037
1896 2055
2750 2372
2490 2543
2374 1378
1941 2233
2664 2133
3038 2601
2438 1866
3039 1951
3040 1859
2409 903
1998 2170
2360 2519
1762 2173
2159 2724
1885 1170
2097 2375
2470 2947
2033 1806
2319 361
2004 2268
2673 318
2198 2644
2452 2064
3041 1873
2326 3042
2824 2665
266 217
2586 984
2103 3043
2351 2874
2681 3044
2259 728
2228 2277
1933 1985
2490 3045
1768 2507
3046 1077
3047 2397
2335 359
2004 761
2435 1834
2170 3005
876 3048
1896 508
3049 2547
2227 1927
1777 1791
2712 2899
1777 2047
2424 2346
855 668
2124 1807
2007 2121
2290 3050
2522 2015
1896 513
102 374
1781 721
2093 2252
2123 3051
1987 2744
2765 1867
2626 1879
2167 2283
3052 2075
1837 2687
1781 1999
2237 1891
2037 3026
2510 2095
2534 235
2589 2143
2315 3053
2117 2829
2682 1974
2708 1319
2625 1972
2029 2802
2072 3054
1969 2041
2905 1876
2702 2013
1806 1298
2249 264
1838 1778
1865 2199
2144 2211
2146 2546
2890 1985
193 3055
2422 2065
2319 2874
3056 2184
3057 1212
2135 2253
3058 2121
537 2068
1974 2026
2499 1985
2360 1824
3059 3060
1816 1860
1507 1917
3061 2296
932 2213
2350 2199
2650 2276
3062 1873
689 1876
2607 2064
2626 1915
407 2649
1900 3063
1840 1077
3064 1799
2069 2698
2019 1886
1833 2083
2119 2000
2150 2381
2671 2689
2665 272
2676 1204
1822 2961
3065 2401
2556 1816
1836 1798
2212 2600
2623 2049
1835 2947
2123 1856
2364 3066
2584 3067
3068 1861
1981 3054
2656 513
1941 707
2468 2011
2074 959
2351 2049
3069 2232
2778 2074
932 707
1958 3070
2099 2068
2184 2740
1963 191
2965 2054
1760 2534
1845 3071
1783 2698
1863 1818
932 2901
1863 1992
1982 1841
2074 2510
1763 2547
2389 2495
1818 423
2505 295
2468 1888
1763 1920
2751 1925
3072 3073
668 2353
876 1212
2156 2041
2664 1006
2047 2701
1885 668
2429 2266
2349 2967
2438 3074
1779 2007
2400 1893
1766 1859
1981 2124
2520 2397
3075 1831
3076 1599
217 1437
2033 2592
2493 2023
2191 3077
1886 1831
1941 2590
1892 2367
2477 2898
2873 2157
266 2637
1841 2025
2476 537
2162 2706
2411 2574
3020 353
2585 2069
1854 1881
2755 2948
2247 2720
876 2197
2099 2637
1827 2644
1837 2719
2400 2621
1818 3011
1951 2389
2545 1838
2150 3078
1802 2458
1752 668
2360 984
2438 1769
1806 106
2626 1860
2625 2429
2169 2313
2037 2006
2702 3079
1981 270
914 1319
1903 3045
2120 2625
1799 3080
2033 2875
1783 2658
2134 1897
2811 3055
668 266
406 2824
2376 1170
2212 2132
2626 3081
2212 2987
2099 1818
1816 3045
2146 3082
2350 3083
2086 3084
2823 3085
1982 2303
2866 3086
3087 1988
2588 1006
3088 3089
2164 1957
1845 2269
2351 2011
2310 3090
2184 2325
2062 3091
1863 2955
1863 3092
1759 616
2315 1857
3017 2331
2355 2711
1868 2528
1845 1989
2085 2204
2341 1873
2238 1927
2170 3067
2476 1958
3038 2965
1870 2706
361 3093
2578 1381
3025 2232
1818 2884
2730 2455
1863 2053
2136 2419
1893 924
2258 1958
2498 3094
2300 2196
2351 2590
1873 1902
1842 2454
1881 2742
2249 2081
2607 2092
2003 1903
1750 2451
1894 2756
1816 1381
2350 2614
2056 1797
2460 2332
1854 2574
2208 2671
3095 2220
1777 1799
3017 2458
2511 3096
2682 2522
2351 2015
2461 2145
2581 1852
1507 610
2572 2602
2420 2141
3037 2220
2452 2639
1951 2559
3097 2601
2135 3098
1842 3066
1875 2928
2310 2817
2124 2811
814 2086
1772 361
2780 2251
1834 2065
2723 728
1831 1860
2351 1170
2310 448
1827 1399
2640 538
3099 2455
3100 2150
1840 2669
2207 270
2332 2466
2452 2789
3101 2649
2418 2410
2260 2979
2167 1757
2809 2986
1975 1797
2415 2946
2460 2286
2490 1802
202 2452
2843 2538
2804 1599
2257 1806
2492 2247
2069 2027
3025 191
2419 2709
235 2006
2170 1990
2182 516
2107 2399
2449 616
1783 3102
2184 2326
2549 1860
2319 106
2058 1298
1863 1077
2254 903
2085 2297
2326 2400
2798 1755
1829 2273
1835 2388
2995 1381
3103 1899
2492 2664
2731 2123
1838 610
1941 3104
3105 3026
2811 2096
3106 2502
1933 1750
2588 3107
1845 2615
2681 761
2351 2414
1854 2890
1784 905
1878 3108
1988 2119
2054 3109
2721 2250
1958 2077
2002 2071
1902 1860
2247 3110
312 3111
3112 3113
1760 467
1760 2055
1961 3114
814 2440
2004 2129
2868 2585
2442 1852
2672 2092
2545 3115
3116 2241
2374 2593
1752 765
2374 2975
1928 2486
984 2493
1812 903
3117 711
2471 2151
2307 2253
1898 924
1833 2246
1844 1818
3118 2342
2004 2751
2215 2186
1896 2201
1789 3119
3057 2213
1941 2247
2099 3119
2626 2167
2652 1879
3095 467
2180 2247
3032 141
2622 106
2087 275
2323 2579
2429 2165
2243 2495
2890 1873
689 3077
2818 448
3120 3121
2527 1782
1785 3122
2520 1922
2201 3054
2262 2515
711 538
2671 2957
2792 3123
2337 2030
1917 283
1967 2110
2787 2587
2591 2011
2096 2584
2341 1920
2555 2292
2228 2607
894 1920
1845 2836
670 2288
1868 2538
2520 1775
2463 537
1939 1783
3124 436
2028 361
227 270
272 2037
3125 2397
2211 2689
668 2092
2760 2665
2715 2198
2184 1752
3126 670
1969 3127
3028 2211
3088 905
1926 2725
2212 3128
1820 2551
2272 3129
3130 3131
2062 670
1965 2509
1988 2584
2555 2948
1898 3132
2260 2763
2417 2110
2002 1797
1898 711
2039 2211
3133 2135
2740 2466
272 2382
2010 2988
2047 1897
2026 513
2804 2482
2922 2080
1799 2890
855 2196
2096 215
2688 3134
1761 359
3135 3136
227 1873
1814 932
2377 1043
1896 2679
2723 2057
1982 2387
2707 2081
1906 2057
2211 235
2240 2885
1840 2689
2376 3137
1919 2711
2332 2591
2418 3138
3139 2308
2211 2204
2202 3021
1870 2773
1842 1920
914 2928
2083 2373
2260 2865
2210 2642
1935 2025
2640 2202
2067 711
2319 728
1933 2067
3140 761
1764 2251
2162 894
2346 2805
1942 2538
2274 2802
2093 2273
2759 2313
1837 3141
2208 2016
1785 2717
2216 2701
1941 1986
3142 2333
2083 1932
2729 2339
3143 2451
2497 2588
2689 1807
1958 2167
3144 2076
2622 2315
2290 3109
1818 2162
3145 1155
2001 1831
2421 1792
3146 711
2127 2257
721 2346
2961 242
193 2288
2191 2000
982 1387
932 2438
1837 2203
2412 2045
2050 448
2915 363
1845 1378
2007 2644
2511 2345
2625 3053
2671 1999
2167 2391
3025 2204
1806 932
2080 1933
1870 3104
1837 1881
3147 3081
2062 1972
2490 2819
1850 2739
2718 1927
1759 508
235 2536
1933 3148
2194 2827
2623 2649
169 227
2578 2171
2207 361
2438 2902
2167 2967
1835 2682
1845 2746
2233 235
1868 2327
2642 2481
1786 761
2798 858
1951 2621
3149 1129
1870 552
2426 242
2549 509
1779 2767
2731 1795
2455 2591
3150 914
2358 1950
1871 728
1824 2053
2087 616
2987 3151
2765 3152
3153 2890
2307 1790
2642 3154
2626 2382
3155 711
3156 2247
1812 2223
1780 2760
2216 2340
2328 2538
2351 1006
1985 2940
2933 905
1170 616
2639 2253
2216 2011
2401 3157
2185 2490
2810 2959
2409 1799
2750 1903
1783 2018
1987 2767
1917 1877
1943 2782
2080 2446
2498 2247
1969 959
2085 2744
3158 2223
2303 3159
1752 1760
2033 1897
2755 2297
1804 2284
2097 2273
1751 711
2004 2166
1935 1298
1847 2027
266 3160
2702 3161
1750 858
2965 2910
2750 1931
2690 2339
1948 2498
2961 270
2346 509
1816 2658
2650 2170
2964 3162
2475 2313
2278 235
2368 1298
1832 2017
1917 728
252 509
1816 3163
1951 2770
1816 2858
1830 693
2156 1289
3122 3164
2593 2977
2350 2836
2146 270
2329 2615
2418 2495
1783 3165
2170 266
2148 2223
2083 2367
2959 2958
2553 2819
2002 2936
1870 2471
2998 1298
2208 2055
2510 3166
2470 1903
2471 1799
876 2266
2593 2025
1761 1993
2031 2948
2260 3167
2196 1931
2062 2736
3168 761
1818 1833
3169 1957
3170 1870
2162 2398
2202 2957
2126 894
359 2101
2650 3171
2760 984
2710 537
2441 3172
1935 2124
1886 3004
2351 1792
1812 2388
1960 191
1761 2652
2630 516
2974 1566
2533 2312
2551 2110
2058 1443
2123 436
2069 2079
2640 106
1762 2247
508 2563
3173 2783
2285 1791
2644 1860
3174 2908
1794 1886
2006 2615
2173 359
2153 2097
2200 2565
2217 2032
2064 2147
2153 1877
3106 2865
1943 1831
1783 2096
2072 2071
2004 2041
1763 2041
1759 3086
2036 1231
3018 3105
2726 3175
1868 2425
2229 914
2141 448
3118 2615
1778 3176
2269 1927
2488 538
2303 3177
2691 2274
2420 2153
1771 2395
2549 1920
3178 2365
932 2046
2116 2651
1829 2326
1768 959
1884 3179
1987 3086
2462 1804
2110 2041
2490 2212
2003 2940
374 2213
1971 2706
2237 2092
2162 2196
361 509
3011 3180
2080 2413
2083 2051
2691 858
2016 905
1841 2119
2239 3181
2461 728
2026 858
1783 1155
2368 1235
2340 2407
2673 2949
1898 275
2364 2014
2438 765
2438 2092
2510 2558
3150 2046
2626 2498
169 1319
2439 1859
2545 903
914 2309
2016 765
914 1941
2542 1990
2252 903
2332 1906
2198 1877
2135 670
2093 3182
1884 2746
2018 2665
2119 3183
1863 3184
3106 1932
2810 2653
2028 2780
2257 2070
2664 2352
537 3020
2028 2086
2799 3185
2510 1894
1871 2330
266 1875
2833 141
1943 2486
1996 2208
1804 295
1837 2639
1918 3186
876 1133
2062 1939
1952 2202
1802 2975
2198 2490
2096 2459
1783 2068
3187 1812
2364 2202
2166 2565
2664 2051
2177 3188
1830 3189
1884 2487
2162 3081
2167 2221
2039 1790
2037 2921
1835 2694
1998 2324
2103 2455
3025 2400
2723 2466
2420 765
2210 2589
2170 2802
2080 513
1771 3084
1998 2247
2505 2000
1917 761
2282 3190
2438 2068
2508 616
2249 318
1898 3191
2049 1804
1863 1799
2247 2150
2973 1776
2097 2045
1999 2007
1954 3192
1865 616
1951 2575
2691 1991
2047 2396
2652 2551
1921 2817
2247 1872
689 2112
2170 2315
1859 984
2103 2294
2470 3127
2337 1837
1750 2861
3193 106
2642 1903
3056 2880
2212 1922
2675 3194
3041 2738
914 684
2080 1767
2360 2515
2164 2387
1812 2141
1816 2829
1886 2552
1941 1886
407 984
3195 1897
2110 1948
2164 1922
2309 2321
1801 2193
2890 3196
689 1972
1761 2768
2395 2782
1884 2015
2391 1155
3071 2353
2364 2132
2876 2215
2110 2778
2407 2420
2425 538
2947 1599
3197 3088
537 2055
1810 2489
1917 1962
2110 1972
2947 1956
2831 1920
2804 3198
2339 2050
1924 3199
2490 2051
3200 266
1784 2049
2058 2653
2780 2624
2352 2392
2625 2375
1507 3156
3018 2773
1842 3132
2000 1875
1804 1899
2545 3138
1789 2466
2047 2076
2470 2273
2827 633
2753 2147
2105 2273
610 2011
2355 2495
1805 3127
2848 2020
2182 2954
2555 2268
2993 3201
2857 2477
1841 2575
295 616
3202 513
2151 1235
1899 1835
2085 2650
2167 2382
1939 2724
3049 1897
2789 2997
1781 2548
1868 2142
2083 2819
2425 854
2002 2325
1881 1992
102 136
1891 1757
2170 3203
2769 1812
2350 2287
2412 2610
1768 3182
3088 1801
3204 1869
2652 2596
2045 3179
1825 3205
1896 275
2626 2182
2227 2874
1861 2574
2346 1841
2498 2335
3033 2147
2310 1948
3168 1006
2939 309
2939 1437
2998 448
2042 1812
2625 3180
2590 3206
2184 2883
2462 2905
2389 721
2676 1920
1937 814
1843 2273
2223 538
2212 2490
2303 2897
1933 2170
1835 1757
1777 2189
2623 2273
2047 2364
3207 3208
2369 1983
2170 2028
2665 1940
2712 2887
2085 2174
2652 711
2518 361
1757 2890
2991 2153
3209 1868
814 3123
1786 2325
1789 2779
1837 2300
1917 2490
2146 984
2182 2019
3210 3211
2109 3212
1762 2477
2185 1877
2555 962
2282 3035
270 2912
2586 2467
2539 711
2579 2323
3213 1776
3214 2986
3215 2216
1757 436
2490 914
1757 1841
2170 2092
2692 1897
1752 2948
1777 1775
2060 1599
1785 1988
3216 3123
1818 2766
2321 1936
2360 711
2282 2275
2911 2342
2247 2471
2470 1881
2201 1895
1997 2092
3173 761
2811 3217
876 1399
1871 1769
2002 2419
2998 2066
1921 2022
1924 2128
3153 2616
2340 3218
2085 3013
2873 616
2764 1920
2626 903
2177 3201
2023 2764
2262 2767
1812 2032
3028 3219
1958 1769
2208 2574
266 2225
252 721
1806 2033
2033 2864
2409 2121
1761 2314
1777 2090
2004 2296
2004 3220
1870 2330
1859 1896
2123 3221
3146 2137
2961 2845
1896 2040
2290 1866
2321 2886
2099 2975
2938 2957
252 2464
2522 2040
1829 1770
2383 2249
2688 1974
1943 1756
1961 1081
2391 2105
1794 2295
2939 484
2798 761
2337 3222
2001 1859
2349 2624
1958 436
1843 3175
2445 2553
2452 2039
2792 2859
3165 2051
2355 389
2470 3223
2626 2196
3168 1790
1761 436
2044 3224
1845 2980
217 1752
3225 1270
1926 3226
2339 1910
1987 2495
1907 3215
2443 2486
1768 2701
668 1006
670 1837
2208 2399
1951 2792
2626 2578
2345 2451
2688 2167
2180 353
1752 1762
1837 1771
1825 2121
2164 3106
2345 1870
2470 2490
2143 1921
2438 2563
2162 2055
3227 2055
374 227
2470 1980
406 2464
2787 1835
2272 1859
1928 1883
2470 3141
2695 2086
2260 1831
2346 2874
2056 2694
2438 2772
1951 2507
2037 2007
2095 1809
1868 1811
3084 2590
2340 3152
1818 2650
3004 2195
2004 2005
1768 2065
2602 2477
1776 2593
2037 2011
1900 2774
2438 106
1838 2226
2162 2495
3213 668
2452 1873
484 1078
1870 959
1917 2045
2686 1873
2171 2616
1981 3228
1954 2326
2037 1781
3229 2034
3230 235
2135 3231
2288 2199
2632 3178
1760 2611
2819 106
3178 318
2566 2447
3232 1779
1958 2076
1998 275
1861 1289
252 1081
2208 2706
2265 1770
2545 3119
1770 3233
2072 2191
217 483
2578 1760
1917 448
2222 2758
407 3234
2630 1841
2470 2890
1837 2671
2695 2532
2499 2103
3235 761
2691 984
3236 1871
1810 467
2355 1952
1903 1204
1793 2602
2760 1822
1818 2326
2515 3197
3193 2601
2201 2206
2237 191
2392 423
2732 2447
2740 2753
2192 1899
721 2025
2438 270
2179 2800
227 2035
1943 3065
1863 3103
2642 2773
2889 2625
3237 3223
2720 2296
1845 1790
1960 283
2651 2899
1939 537
1827 1507
2185 1972
2037 1507
2772 2532
721 765
1943 1751
2161 707
3153 2713
202 2418
2561 2085
1899 2785
2093 2121
2506 2083
2581 3238
2946 2306
1982 1870
1944 2153
2191 242
2438 2755
1842 2068
2819 2741
1961 1381
2170 1170
2460 2574
359 1798
2207 3137
2810 2367
1982 1838
1958 1909
1909 2227
1942 570
2042 2039
3133 2349
2018 2470
1789 2051
1840 2258
1752 2917
2490 1826
2119 235
2182 2851
2208 318
312 1081
2096 3239
1917 242
1768 3240
2852 1081
1804 2077
3241 2353
2760 2162
721 1443
2099 2901
2004 2198
2474 1845
2539 1832
2319 1750
2650 2761
2350 633
217 169
1996 2086
2690 1927
2170 2185
2008 3171
2671 610
3242 2064
984 3243
2506 2309
3180 2624
903 1920
2404 3244
3072 1940
3032 3245
2310 2682
2080 312
1886 513
2086 2290
169 668
2572 550
1771 1863
