625 603
566 496
606 506
669 514
577 662
461 524
514 395
630 584
625 573
428 514
496 374
394 542
637 614
400 553
661 600
583 662
394 676
637 591
506 606
614 556
684 579
661 675
670 658
579 630
348 542
475 567
594 428
378 553
475 524
620 636
573 597
553 373
591 370
412 645
575 630
598 618
428 431
619 653
655 657
658 662
653 678
599 661
465 475
609 605
566 370
348 558
436 542
428 604
584 682
496 434
376 428
676 376
431 556
492 378
604 676
682 639
373 461
370 645
612 654
434 400
561 492
680 612
492 475
620 515
662 600
373 428
606 641
640 635
681 659
612 609
542 559
544 604
589 596
363 515
636 680
606 542
640 627
657 616
595 661
370 683
636 644
601 400
645 563
578 670
373 614
645 683
500 438
542 378
573 664
611 625
496 591
348 395
647 650
434 580
400 669
559 395
423 431
653 620
412 363
524 544
617 422
597 618
434 475
637 483
631 678
480 563
617 677
654 684
436 373
515 378
506 434
374 373
475 606
500 391
584 574
676 378
400 438
400 566
604 651
373 591
434 591
630 605
465 558
643 661
591 391
589 592
619 588
616 621
666 653
483 376
634 651
584 592
666 592
373 556
580 475
644 605
395 556
651 641
376 506
663 621
603 619
682 657
500 563
626 617
579 666
483 524
348 376
461 606
483 591
612 603
592 682
492 400
370 559
428 506
588 682
649 107
618 611
348 373
618 631
678 584
492 604
434 373
431 465
395 400
630 574
609 592
561 391
596 574
591 400
438 412
461 370
664 685
659 650
630 598
461 348
400 544
567 553
600 659
619 644
593 422
363 637
400 376
605 653
617 575
580 561
428 434
374 614
619 678
678 636
642 581
604 412
556 544
615 647
640 675
643 615
661 628
465 676
567 563
561 423
621 616
412 544
492 515
558 553
591 651
544 563
619 609
669 436
561 373
580 515
475 348
626 677
684 623
618 680
559 561
370 483
681 675
654 685
363 374
609 589
559 524
348 496
348 483
605 617
661 681
676 604
641 515
373 641
483 544
391 438
684 618
566 559
513 641
544 559
617 609
465 374
630 641
590 644
422 395
580 514
422 593
513 553
623 636
348 107
654 588
544 676
574 616
465 376
597 589
515 641
615 661
553 492
650 640
428 651
599 627
348 461
654 620
605 644
559 604
680 633
685 579
633 666
492 566
680 603
640 662
496 412
412 567
423 378
553 391
605 573
611 589
669 496
617 605
506 544
670 627
422 657
524 591
650 627
622 678
591 524
643 659
681 650
583 599
483 506
373 363
605 626
641 591
604 434
376 556
514 544
659 658
373 558
461 561
348 475
363 378
669 428
553 395
592 589
634 436
598 573
606 492
637 376
559 461
561 400
363 580
665 599
373 374
373 506
628 647
672 573
496 483
595 582
683 374
664 626
544 669
618 636
617 654
664 611
563 483
599 675
672 653
483 606
394 601
597 653
685 654
513 669
544 461
376 566
556 394
373 669
612 592
636 666
591 436
592 597
374 431
619 636
436 559
373 395
578 577
645 506
573 609
391 566
561 483
428 107
566 513
506 492
436 394
423 500
643 650
651 423
500 651
500 378
492 500
591 515
573 575
431 514
632 578
483 580
651 373
584 660
615 599
676 556
662 659
634 646
592 422
603 644
376 434
483 563
563 434
394 376
629 601
566 593
639 483
580 483
583 615
561 506
556 348
412 524
591 561
348 553
428 492
648 617
589 609
682 679
483 461
391 556
558 428
576 659
669 492
682 631
561 514
675 632
438 556
559 606
603 680
579 619
395 630
412 513
659 582
627 681
637 629
627 615
376 496
632 665
436 465
395 506
669 645
438 596
395 601
370 553
611 579
563 506
436 431
514 378
626 609
553 559
588 619
363 559
672 654
553 644
623 619
580 606
677 680
428 373
684 573
635 675
645 591
609 623
684 619
506 378
434 492
637 559
683 513
573 666
574 395
599 635
666 609
500 542
671 604
438 500
592 625
592 620
107 475
391 431
609 590
643 576
513 465
374 391
374 438
683 514
620 592
461 374
591 412
374 561
373 683
376 669
496 475
609 666
553 506
627 576
524 363
378 400
566 431
544 683
633 653
647 628
666 644
348 374
593 480
506 561
363 656
400 514
391 465
662 595
654 573
595 643
637 584
670 659
500 553
436 492
617 620
632 661
616 622
651 483
563 373
618 678
592 626
376 683
650 681
506 363
438 513
677 625
644 619
461 590
591 500
594 667
666 617
639 616
412 378
606 373
428 676
606 376
107 348
582 632
670 681
373 391
378 475
515 566
603 589
658 635
559 363
588 654
475 496
636 611
394 436
422 597
637 378
586 645
431 669
636 592
625 633
616 618
664 609
661 627
636 619
644 573
579 598
492 431
637 513
573 685
654 677
612 630
461 506
378 513
395 513
595 583
579 574
436 563
583 595
434 431
598 609
622 592
578 661
370 395
601 107
400 559
646 587
684 616
641 475
544 580
644 654
587 645
376 637
376 412
580 107
578 650
173 34
544 376
628 632
427 348
370 378
630 579
376 591
670 599
461 400
618 633
556 438
617 619
544 378
582 578
422 618
676 544
679 678
601 428
592 598
438 422
348 514
640 615
659 640
673 376
524 514
431 378
438 559
658 659
431 391
604 475
524 378
677 654
370 436
675 643
650 635
637 400
588 633
600 583
612 678
677 592
675 681
436 434
567 423
677 653
563 391
671 669
584 637
670 643
370 423
514 683
658 681
475 428
34 348
591 553
632 659
592 684
591 590
654 683
378 461
595 659
378 580
592 664
681 627
601 637
661 576
107 601
583 675
492 544
661 577
659 670
556 465
630 619
492 651
677 589
617 590
431 563
524 515
630 596
635 583
609 654
431 515
567 559
561 604
664 630
645 614
658 600
611 664
376 500
376 563
400 606
633 636
599 578
620 644
645 651
436 370
363 542
596 677
563 500
542 524
653 666
626 657
658 599
376 561
436 348
614 395
438 563
434 506
647 675
374 492
634 423
513 400
632 640
524 567
558 604
348 431
662 632
553 475
616 592
584 618
620 617
643 600
423 559
606 483
633 625
664 575
395 614
431 483
436 580
618 684
685 422
630 625
422 663
640 647
573 579
579 612
653 625
647 665
632 599
669 423
659 661
597 644
515 370
436 561
597 579
515 492
680 636
666 630
515 412
394 400
576 643
586 423
685 653
513 637
427 173
422 680
640 599
614 422
662 578
633 588
644 620
363 506
627 640
506 373
376 395
513 438
632 628
500 637
465 669
653 588
475 391
669 370
628 600
524 683
623 573
373 553
630 620
664 644
675 615
646 436
370 563
616 625
644 664
606 461
675 583
637 373
591 559
561 542
618 588
654 422
614 374
629 630
363 107
475 434
600 578
592 584
376 604
584 616
515 394
580 513
492 428
363 651
579 633
627 662
374 465
669 373
658 577
576 578
647 578
606 669
600 577
574 621
600 627
438 514
579 654
661 632
682 422
650 599
423 412
643 640
513 378
544 395
630 422
436 634
663 579
542 580
567 461
561 376
438 465
645 423
659 665
685 630
591 542
376 394
378 641
561 580
496 515
679 637
431 506
623 622
559 438
623 592
684 654
625 684
514 370
378 348
625 677
681 628
673 556
622 579
395 483
645 395
614 431
625 622
651 646
615 595
616 660
640 576
637 500
553 515
676 683
640 577
400 580
640 582
370 669
661 640
669 412
595 681
611 680
544 645
496 427
578 675
559 465
601 630
483 492
675 647
431 651
646 586
475 378
400 394
606 423
654 609
378 637
592 680
500 400
665 662
434 428
370 438
641 496
599 577
591 465
639 637
348 566
614 400
378 374
563 370
461 683
599 632
422 584
496 376
670 583
681 670
654 515
678 637
589 597
576 615
378 376
412 609
582 615
395 348
373 412
615 662
395 515
606 475
475 465
373 496
647 634
553 374
596 589
563 431
637 678
492 391
566 591
573 653
400 373
664 617
612 680
615 576
630 657
581 642
659 632
637 679
623 609
483 561
558 373
578 662
675 600
542 500
675 640
492 373
475 513
587 591
574 631
363 606
574 663
544 492
376 461
601 465
589 611
475 107
653 633
438 669
595 578
592 636
544 524
577 650
651 567
378 431
514 500
599 650
438 604
591 492
542 348
604 483
676 394
618 597
461 645
580 378
363 591
680 575
651 376
603 625
391 376
428 348
589 664
513 561
678 653
578 635
395 574
579 626
677 619
677 682
563 480
370 475
553 669
475 492
428 515
556 374
542 556
628 662
561 606
558 423
615 665
635 632
566 676
506 553
394 556
506 376
645 370
376 423
348 492
593 566
627 583
610 567
582 662
617 644
561 438
604 645
600 665
641 651
370 492
685 617
461 395
643 577
412 669
606 591
492 641
483 614
615 628
614 378
636 609
559 376
461 492
591 374
574 596
662 599
436 635
475 500
574 579
604 561
524 400
376 363
373 637
622 639
639 678
669 378
614 683
461 475
614 500
348 500
631 630
395 669
348 559
438 553
592 579
606 614
576 650
577 681
661 650
611 653
513 391
617 666
680 654
378 676
669 614
620 589
561 591
632 650
579 636
173 427
601 500
681 582
492 461
483 596
559 683
376 544
395 373
373 680
373 438
630 678
475 559
431 683
661 643
395 465
428 567
500 580
492 370
631 422
658 627
348 370
680 598
596 422
684 598
643 670
579 575
659 595
579 663
578 681
376 645
465 559
438 483
596 639
606 431
623 579
616 584
370 431
654 653
647 640
658 665
681 658
643 599
107 580
583 659
604 567
567 391
614 669
654 612
573 680
620 630
524 373
684 677
619 684
374 483
373 566
636 589
428 542
637 639
623 654
591 606
579 597
625 653
627 647
363 544
567 475
641 513
629 641
632 658
461 363
676 465
616 574
483 363
667 594
595 658
662 635
676 400
620 653
625 598
427 428
483 412
614 637
670 650
645 513
374 500
659 647
431 513
591 434
651 438
514 428
438 373
627 658
586 587
625 589
592 672
636 597
561 524
595 627
625 617
348 422
632 675
641 483
376 436
370 374
513 500
576 681
684 603
556 475
374 348
631 618
592 677
637 524
614 376
475 376
591 641
496 514
643 628
465 431
633 592
566 374
589 617
625 644
465 513
559 514
107 566
670 600
580 656
515 376
678 682
579 623
559 567
580 391
580 373
582 627
559 483
363 376
506 438
653 422
588 592
378 669
579 653
650 576
422 630
588 653
422 678
412 566
400 378
658 595
428 378
438 395
559 412
524 500
373 604
646 376
422 553
669 606
422 579
683 524
553 591
378 363
644 590
615 658
641 428
603 592
376 374
606 645
579 684
465 604
669 438
412 515
374 363
394 620
559 348
633 573
588 617
622 589
475 400
428 423
438 496
423 465
348 173
348 515
513 601
567 374
483 669
605 579
567 561
378 563
604 422
637 395
524 492
376 492
615 577
423 683
370 412
645 500
475 604
591 506
559 637
575 680
631 682
513 634
683 412
374 563
514 391
659 643
619 597
615 681
412 593
588 644
684 622
634 586
428 667
669 483
641 606
630 597
600 670
431 475
514 524
566 492
391 544
598 592
598 680
597 630
563 513
374 475
370 666
544 514
475 591
609 664
400 542
622 625
611 636
577 600
618 619
597 611
374 378
651 524
524 637
588 618
461 553
627 635
635 659
639 631
376 559
632 627
395 461
436 513
556 652
513 376
650 583
553 567
681 576
584 596
575 664
609 619
597 677
376 465
675 635
556 676
661 658
515 496
373 524
614 412
553 376
465 544
582 661
348 391
436 683
492 606
553 378
567 591
514 559
559 566
422 655
680 684
628 681
663 574
659 600
483 395
378 542
651 566
363 500
363 553
601 580
627 577
645 373
614 483
563 374
643 662
653 664
475 363
566 465
619 579
604 423
428 614
395 542
492 423
438 634
376 431
376 614
637 391
615 632
655 596
514 348
589 677
609 603
681 600
673 436
577 632
680 590
567 376
662 658
378 514
609 422
553 614
436 423
513 566
578 632
592 619
619 654
658 643
475 556
590 461
374 591
428 591
640 595
475 580
559 373
661 662
683 500
553 513
665 632
492 348
637 363
563 567
513 614
619 685
542 373
609 680
574 678
595 675
577 599
578 582
590 591
553 461
630 395
681 635
599 582
611 573
615 635
428 683
643 578
631 574
615 583
506 423
632 577
544 465
400 500
515 591
591 580
604 559
431 500
679 618
436 378
559 506
592 653
583 632
637 604
514 614
34 428
423 524
609 428
670 662
615 578
625 623
544 428
513 591
378 614
632 670
669 513
651 587
592 605
650 665
394 378
683 370
395 544
591 646
374 514
635 662
658 650
506 370
431 434
370 567
659 675
595 640
559 669
496 637
666 618
374 461
677 623
598 605
632 662
621 622
506 348
423 553
556 400
573 625
431 374
592 611
573 626
683 559
436 591
514 506
582 595
589 636
370 376
573 618
544 400
683 423
524 506
600 635
438 461
615 640
391 567
604 671
612 590
524 561
475 374
681 643
434 436
596 483
391 412
680 618
600 599
609 601
428 524
34 173
680 626
654 672
496 506
669 465
639 622
559 400
630 618
639 596
587 373
659 583
683 438
590 609
605 598
400 683
376 515
578 627
596 438
423 587
662 582
573 644
524 651
373 606
666 573
461 653
644 592
542 606
374 669
679 682
378 500
561 378
378 559
436 400
625 630
640 658
620 654
592 609
566 363
615 675
669 400
559 614
605 654
475 641
579 621
465 567
400 641
600 650
400 513
400 465
595 600
618 666
475 553
563 475
582 640
660 584
605 609
428 461
348 506
376 553
428 563
655 630
370 561
465 423
559 431
500 683
654 579
589 579
395 524
378 496
617 612
465 373
628 643
663 616
524 461
649 173
577 643
604 500
666 579
496 580
423 373
370 515
592 616
423 513
590 617
617 588
475 651
645 606
434 559
515 475
566 394
391 553
619 625
634 553
596 655
515 431
645 646
675 595
654 666
400 428
378 391
682 584
556 391
591 438
683 542
644 603
423 567
553 438
650 670
423 606
675 659
617 625
588 685
644 422
391 423
553 436
577 582
475 506
625 616
621 663
582 681
619 677
524 348
583 582
680 677
603 605
584 678
436 363
483 374
376 483
606 363
652 436
412 591
524 436
391 475
592 666
559 391
394 614
496 373
561 559
434 376
654 605
635 600
542 363
676 559
428 601
589 605
599 583
616 630
600 643
561 370
434 604
647 670
645 412
664 589
577 670
611 592
513 374
107 363
500 373
616 579
475 483
514 373
576 600
578 583
601 609
630 592
606 436
604 558
591 428
567 348
579 616
679 584
626 680
524 483
654 664
597 654
632 643
575 589
665 670
566 483
604 544
524 391
632 635
400 506
656 363
600 595
595 577
653 630
637 492
374 566
438 400
604 395
654 625
596 616
615 659
431 566
643 583
637 423
580 496
395 559
661 635
492 559
465 524
378 428
566 500
598 636
595 615
636 618
436 606
634 438
658 675
634 647
394 559
395 620
641 630
348 561
620 609
514 475
609 597
577 647
646 634
606 400
579 639
376 586
423 428
391 514
559 676
680 653
587 651
500 524
561 513
677 617
107 376
646 645
654 626
591 376
567 604
609 653
601 644
604 465
614 373
579 644
566 563
640 661
436 483
680 685
561 428
604 373
655 592
492 506
374 513
619 603
431 412
603 573
567 646
606 513
680 422
623 597
589 575
636 677
434 515
395 431
513 423
378 651
436 566
597 609
591 567
683 561
623 603
635 643
378 544
635 658
681 595
483 559
580 465
653 605
422 631
683 654
591 378
651 559
428 34
373 431
544 374
566 378
423 634
664 612
348 544
513 431
640 681
599 600
596 584
617 685
617 680
524 395
513 412
423 645
594 563
653 597
584 679
600 628
483 436