650 647
461 544
614 515
363 348
436 428
400 591
636 630
500 428
524 553
561 651
597 619
664 666
606 438
363 370
556 373
665 583
633 680
434 566
651 604
556 683
630 609
376 475
524 566
465 436
515 580
632 647
553 483
636 579
643 681
577 578
428 606
395 376
663 596
475 676
400 395
683 376
583 635
671 483
492 591
567 542
492 637
579 609
577 583
680 666
636 684
647 627
544 553
422 412
558 348
589 684
685 575
566 515
623 625
438 524
646 651
654 611
438 431
600 582
654 589
559 378
567 370
596 604
559 553
619 612
373 436
644 588
599 662
645 671
513 395
654 617
559 475
544 483
582 577
636 678
465 683
651 513
556 395
640 578
363 461
566 107
394 492
395 567
592 603
395 370
363 514
591 483
619 630
370 646
500 363
465 395
600 615
422 620
680 579
506 475
423 461
542 400
423 604
438 645
378 492
556 500
601 422
669 671
483 514
665 628
348 480
107 629
363 492
391 563
645 634
395 423
483 671
590 680
544 566
630 663
514 400
615 643
685 618
567 412
515 434
643 582
524 475
587 634
173 348
496 378
566 544
666 553
603 623
651 634
615 627
641 378
553 645
683 373
483 641
632 582
599 665
483 566
575 612
566 561
428 559
661 583
515 637
524 370
670 635
578 665
173 649
630 672
378 566
637 601
395 436
436 395
573 605
678 630
423 506
683 651
596 620
603 611
599 615
653 461
614 513
592 575
391 428
617 630
641 400
544 475
614 606
630 655
434 563
514 374
626 664
496 669
636 685
428 641
601 513
400 651
348 567
422 609
378 465
563 544
431 492
428 553
579 685
677 579
422 644
630 573
685 588
544 394
475 542
590 579
431 395
566 567
605 619
492 363
653 672
492 412
428 427
378 524
644 636
348 400
609 620
544 363
628 665
645 669
580 566
500 556
616 684
553 666
483 431
663 422
670 595
669 376
370 542
592 644
618 653
438 606
584 630
513 544
647 662
644 601
678 612
683 400
617 592
515 374
646 423
422 348
664 653
563 556
591 363
619 598
428 513
658 661
500 431
611 597
616 678
644 630
643 665
553 428
597 573
580 637
573 630
500 566
675 576
616 623
428 609
567 492
650 600
641 629
506 465
636 633
575 579
400 567
461 559
370 348
483 370
635 681
665 647
670 675
483 378
412 395
628 599
394 475
662 665
645 544
506 604
619 633
662 615
428 594
626 644
670 647
685 592
492 561
370 506
669 391
374 559
561 567
617 626
583 658
680 644
391 637
573 633
561 669
635 670
373 544
475 438
658 583
373 378
492 394
475 544
563 604
601 483
677 598
373 376
428 400
506 563
630 644
670 582
559 436
622 623
567 566
567 645
653 573
685 678
465 542
650 577
363 566
373 475
483 567
513 492
627 659
583 627
645 438
605 630
683 553
605 589
666 370
378 423
630 616
600 576
492 676
669 559
644 633
428 395
378 561
631 584
492 542
661 595
683 395
567 465
637 496
370 461
391 492
651 431
658 582
614 524
423 646
391 373
590 567
483 500
412 676
438 428
654 598
465 580
625 579
378 370
556 423
658 615
578 647
422 561
685 636
374 683
680 611
378 434
592 588
622 663
492 524
423 391
604 436
374 370
412 436
461 483
672 620
576 675
373 513
678 422
628 583
506 500
376 676
391 500
590 633
586 646
506 496
682 592
605 592
461 669
579 590
665 643
630 685
617 573
681 577
683 436
677 626
645 461
619 573
556 563
597 623
395 678
563 378
428 465
378 394
599 681
514 483
600 661
637 515
400 561
591 587
391 580
436 412
513 348
604 438
578 576
422 614
627 582
664 592
492 438
619 623
680 617
436 637
475 461
635 661
633 597
563 436
492 436
591 395
606 428
641 373
573 654
622 573
422 601
675 665
588 579
633 619
524 412
684 589
612 575
492 669
634 645
475 514
575 592
597 684
627 595
606 559
656 580
614 553
427 563
578 643
609 644
573 684
575 654
626 605
619 617
506 461
373 500
567 651
609 579
436 646
620 672
678 618
438 391
423 370
506 412
604 563
626 579
376 513
647 599
591 604
672 630
634 587
567 610
609 630
422 604
681 583
611 618
676 438
659 615
598 625
577 661
514 363
373 567
681 599
431 438
373 483
378 506
620 553
573 622
542 483
483 438
641 580
637 580
506 395
544 506
669 461
596 630
431 373
618 616
579 589
579 611
578 658
412 561
682 588
370 428
348 34
614 645
400 434
391 559
513 506
438 394
675 661
513 651
590 524
434 412
603 684
461 591
559 544
620 422
600 640
573 677
604 428
593 412
646 370
553 370
578 595
684 597
428 561
588 678
658 640
400 637
618 682
374 515
513 559
665 650
580 542
400 431
412 422
374 376
678 596
677 597
612 636
596 663
107 483
395 561
506 374
431 376
591 475
610 513
436 553
561 374
622 616
675 599
647 632
513 515
422 636
438 370
583 628
348 556
659 662
506 400
363 373
597 422
556 431
620 395
579 625
650 582
584 639
654 623
506 645
625 619
604 513
590 623
461 378
641 492
675 670
400 676
438 561
625 611
657 626
590 373
683 465
589 625
461 567
586 376
573 617
659 635
681 661
431 400
654 592
348 378
618 630
422 654
373 515
675 662
428 669
627 600
506 391
681 647
653 654
657 682
434 348
391 524
412 423
672 678
563 438
500 514
391 513
436 556
611 677
595 650
627 650
566 580
635 640
422 619
622 621
348 563
428 412
609 598
376 514
506 431
647 659
506 591
577 659
561 683
670 577
412 614
625 654
513 428
666 633
579 588
636 620
492 483
483 651
626 592
524 614
436 506
644 609
391 591
553 566
665 659
465 614
373 587
620 678
614 465
684 636
598 677
376 673
391 374
635 599
662 650
400 348
580 500
363 561
657 630
615 670
592 622
559 374
412 558
465 483
513 436
651 645
524 423
666 680
677 603
662 577
514 669
400 436
657 422
653 579
681 662
513 646
678 631
376 652
422 438
500 412
604 637
604 591
654 575
423 561
628 615
559 591
500 348
567 524
573 672
483 465
524 438
553 556
513 373
623 590
544 391
582 635
513 514
500 475
630 653
563 428
542 436
604 378
391 400
400 412
618 685
553 558
542 394
681 640
348 423
644 666
524 374
436 652
636 598
671 645
614 428
591 669
599 640
348 363
579 622
500 423
579 592
391 483
573 636
496 438
567 395
666 654
436 524
556 614
684 592
579 664
412 492
620 579
553 496
583 577
567 590
492 434
589 654
373 370
428 500
561 566
475 566
553 500
395 412
567 373
629 637
559 580
400 475
580 434
422 617
513 580
662 583
412 483
683 461
604 376
614 514
423 637
542 370
438 566
465 391
423 395
566 438
662 628
559 556
500 645
514 431
376 524
609 612
676 566
561 363
654 603
348 394
363 412
651 683
582 659
492 567
609 573
370 544
596 618
623 589
378 591
665 600
412 496
665 578
578 615
614 394
676 412
680 609
373 400
566 348
574 584
573 589
658 632
664 654
524 590
506 513
652 376
617 579
422 596
675 627
559 542
492 376
400 614
438 683
576 661
595 662
395 637
640 643
661 670
391 394
431 428
670 578
524 606
363 436
438 492
647 681
436 475
567 580
623 616
395 683
556 559
582 675
566 436
436 496
678 616
651 400
553 423
682 630
566 524
483 604
544 373
592 618
579 617
630 664
363 524
610 376
513 683
483 601
592 612
412 370
412 391
645 553
615 582
500 591
566 376
661 599
612 579
566 514
600 675
658 576
423 651
524 542
653 598
600 658
496 348
660 616
582 643
592 633
651 378
492 513
650 658
627 675
553 348
373 563
592 655
428 370
483 515
618 598
614 423
561 544
611 684
376 348
657 655
573 603
592 678
580 363
412 428
666 664
644 579
662 661
566 400
592 623
605 680
438 614
542 683
583 643
587 423
395 514
374 567
391 561
611 654
506 559
676 614
592 617
634 563
391 506
614 676
394 348
623 677
652 556
684 611
666 620
591 634
664 573
428 376
378 373
423 436
483 553
587 646
662 647
556 673
589 620
659 576
604 669
643 627
391 515
661 659
515 363
645 637
599 647
580 436
591 637
577 675
651 363
394 391
619 592
591 566
500 506
575 573
612 664
583 640
635 595
598 654
644 617
431 606
542 412
395 591
376 646
669 561
394 438
643 658
683 614
669 363
394 544
665 675
592 654
685 619
438 651
465 561
553 542
553 561
515 391
663 622
662 643
431 561
580 412
480 348
654 597
635 650
373 434
542 475
627 578
600 632
658 578
400 556
654 680
370 373
465 500
461 428
614 492
428 391
428 438
376 580
590 612
515 465
412 400
578 659
465 515
627 632
553 524
653 611
422 653
630 682
583 665
348 428
567 428
423 614
682 678
395 438
631 639
438 348
348 465
561 461
634 376
513 567
431 348
599 659
630 636
373 514
370 465
640 670
515 483
576 583
619 605
662 640
431 370
605 677
603 677
561 412
576 640
483 542
461 465
651 475
438 676
618 422
664 579
627 599
373 634
428 436
639 682
618 573
492 580
583 600
635 436
615 600
496 436
662 627
513 645
625 597
683 645
395 553
373 645
561 348
514 566
617 648
650 659
592 685
373 542
678 574
513 542
622 684
577 635
683 591
650 595
412 506
553 544
609 626
650 578
542 428
465 378
563 427
373 590
465 428
677 684
515 348
588 573
576 658
422 592
650 661
599 670
542 513
348 438
496 566
604 492
400 461
483 475
677 611
566 553
412 604
434 378
412 431
616 631
515 428
423 376
616 663
422 483
675 578
653 619
599 643
678 605
436 673
500 465
645 376
559 515
604 506
643 675
596 609
678 685
589 623
556 542
677 573
374 544
573 598
524 465
600 681
483 391
378 412
348 434
632 600
597 603
635 582
627 670
513 475
500 604
577 658
542 591
633 579
670 615
436 604
682 677
400 601
348 412
636 422
391 378
644 553
370 524
544 412
630 631
584 631
395 645
542 553
412 438
348 427
348 524
542 376
684 625
391 669
515 513
637 436
601 629
665 658
483 496
348 513
631 616
676 492
373 423
500 614
669 374
544 348
378 436
475 431
663 630
621 574
640 650
480 593
544 370
376 634
422 685
542 567
513 563
684 630
637 566
603 654
678 672
422 682
633 590
683 428
577 640
566 637
618 584
680 573
665 627
626 630
683 394
661 665
374 412
563 645
500 492
107 641
651 500
553 683
659 599
561 475
676 428
584 422
619 618
492 614
647 583
395 604
500 374
653 677
376 651
592 621
412 348
676 475
563 594
643 595
438 376
580 559
620 596
646 591
680 597
465 370
574 630
669 395
428 544
438 374
598 684
423 558
600 662
679 631
475 563
597 680
438 591
675 582
645 586
630 617
412 434
650 662
643 635
559 434
678 395
669 553
661 578
475 561
553 400
370 363
376 370
592 630
609 553
583 681
544 561
677 636
651 436
515 395
683 544
107 649
672 592
566 373
567 400
597 592
654 678
395 422
515 559
617 589
678 639
566 434
461 513
461 376
573 592
553 422
514 496
376 567
558 412
634 591
374 496
631 679
395 428
591 683
348 436
556 553
603 597
606 524
423 492
662 670
582 658
680 592
623 684
632 615
513 496
515 614
675 577
659 577
506 436
632 583
506 610
619 422
394 513
575 617
635 615
641 637
640 583
579 573
683 556
654 644
685 680
423 475
483 348
514 513
681 578
374 506
583 576
634 373
662 681
370 591
644 626
434 496
605 603
492 374
461 373
579 620
630 684
606 561
603 612
683 676
620 666
515 400
573 611
515 524
678 592
363 475
678 622
609 636
678 619
513 604
627 661
436 651
597 636
461 438
650 632
506 514
431 423
625 592
606 604
650 643
465 566
514 438
576 627
465 438
461 436
412 500
553 609
553 620
595 635
475 515
604 370
659 627
500 513
374 524
578 599
556 376
609 596
627 643
658 670
496 553
647 577
626 654
373 559
640 632
461 542
566 651
506 566
542 465
677 596
376 378
496 641
373 465
394 683
587 586
612 619
591 373
394 566
461 412
645 587
376 400
363 669
465 556
666 636
680 605
563 348
376 107
573 588
635 577
630 666
654 619
561 395
677 605
573 619
651 561
561 436
374 553
465 591
559 423
542 395
635 578
567 513
669 544
438 475
514 561
556 436
653 618
544 513
661 582
655 422
500 376
514 376
583 650
621 592
400 492
563 634
653 685
658 647
514 580
678 620
559 651
373 580
566 412
370 566
515 553
506 428
583 670
515 620
391 614
394 515
544 556
634 513
580 641
567 683
561 422
563 376
573 623
598 619
603 609
683 567
591 423
524 376
680 373
610 506
436 461
542 492
582 650
579 677
637 641
378 515
636 653
373 492
639 579
465 400
524 513
436 669
559 370
370 514
628 661
597 633
589 573
636 623
630 626
376 542
412 542
682 618
636 573
580 544
483 373
659 578
670 661
374 556
636 612
561 553
647 615
582 583
436 438
669 637
599 628
423 669
653 609
566 506
591 645
601 395
591 461
378 604
596 678
621 579
661 615
513 461
653 636
599 658
591 513
553 363
400 391
412 376
559 513
577 615
423 348
667 428
589 622