475 1000
645 688
541 1001
250 119
153 401
295 1002
1003 606
663 964
866 212
993 874
889 849
432 128
454 501
1004 1005
906 1006
326 392
633 1007
124 289
125 708
285 293
520 1008
556 616
272 106
171 568
608 400
1009 1010
782 342
297 513
181 693
816 851
119 1011
1012 180
362 783
188 323
1013 1014
283 975
310 782
645 684
187 277
665 688
108 465
689 846
611 691
929 123
251 802
315 1015
790 140
125 903
276 1016
561 1017
387 1018
486 115
246 878
826 1019
113 431
489 1020
822 783
253 1021
250 798
187 850
310 1022
551 181
876 1023
1024 337
968 965
240 1025
310 447
196 1026
1027 682
158 612
387 711
171 1028
640 1029
895 308
979 1002
192 1030
406 1031
253 751
173 557
620 1032
187 651
669 492
605 984
372 606
221 799
694 781
1033 788
696 1034
585 478
244 768
194 624
1035 769
816 807
406 560
549 1036
411 938
308 331
276 596
651 977
312 970
131 207
453 1037
1038 595
130 110
739 865
140 325
234 345
719 1039
788 976
167 630
266 279
1040 279
288 711
280 641
1026 537
454 591
377 766
784 1041
1042 200
457 426
131 1043
231 548
1044 245
212 153
253 555
437 1045
698 1046
168 616
841 413
359 824
816 633
627 773
610 774
525 693
772 1047
174 207
311 323
330 218
140 1048
158 391
876 893
217 1049
1044 1050
1051 294
1052 239
514 199
463 347
1053 232
692 1034
921 1054
1055 734
398 704
326 515
837 753
502 426
1056 769
1057 761
814 1058
491 426
285 282
398 266
721 487
231 856
1059 1060
408 769
135 567
663 983
982 365
357 1007
1061 1062
613 186
716 169
183 359
757 984
1063 363
133 1064
1065 1066
574 193
335 703
1067 260
262 418
723 587
283 1068
187 702
193 963
413 1069
300 584
374 1070
336 918
116 1071
404 769
326 611
209 926
920 695
321 766
837 1072
1073 155
155 275
232 618
604 585
193 1074
1075 275
1076 568
302 391
190 1077
885 924
777 995
687 788
123 208
227 409
630 592
171 1078
253 883
504 1079
591 212
601 545
753 170
1080 1081
504 431
119 303
140 695
501 217
388 695
674 967
746 1082
678 968
1080 1083
549 709
125 209
320 1084
225 700
113 117
336 321
632 1085
1086 236
196 852
678 458
342 244
935 1087
113 521
344 1088
681 431
502 453
196 1089
295 908
733 1028
336 906
320 797
396 186
685 1090
523 765
485 1012
155 731
908 537
302 503
292 363
388 1091
541 815
242 1021
1092 1093
266 1094
238 168
908 696
888 206
521 1095
198 1096
689 685
1003 269
124 697
936 366
404 1097
441 513
611 164
149 325
417 1098
342 600
445 569
266 795
828 318
322 797
283 877
254 1099
449 770
183 499
388 189
814 1100
372 249
227 1101
357 454
1102 1103
336 307
979 360
455 1104
1001 761
419 937
390 1001
784 760
806 1105
488 389
1106 1107
232 862
102 1108
198 600
850 318
315 344
398 1109
1110 1111
203 764
264 862
784 144
177 574
874 1112
604 765
177 953
1113 1114
491 568
108 1115
874 240
343 314
1116 308
979 1117
495 308
918 824
398 327
196 208
153 1064
217 388
217 475
506 1069
689 757
187 786
166 256
411 511
764 949
149 324
120 724
226 354
404 803
645 631
737 1118
563 243
286 513
918 1119
982 143
574 1120
108 905
697 761
335 159
555 535
521 564
866 1121
147 233
193 453
379 1048
669 1122
131 591
560 704
876 1123
606 205
929 1124
114 453
939 1125
855 765
486 139
214 843
1069 931
164 138
333 764
632 745
499 1126
116 1127
115 640
620 640
936 342
1128 1097
240 1129
112 933
825 236
385 548
227 680
1092 219
1130 1131
787 1000
379 171
103 574
1132 1116
1127 308
1001 891
1128 170
746 1133
205 233
695 327
473 1109
183 158
816 734
514 157
218 624
208 783
790 1134
127 222
166 1051
1135 1136
1137 792
445 1138
727 675
457 907
100 771
1139 892
237 357
535 882
594 968
520 549
918 778
764 943
650 1140
174 637
124 787
1095 905
382 1141
1135 1142
441 450
1013 581
1143 108
383 446
164 873
761 1105
1144 535
433 444
800 409
113 851
226 878
790 1145
207 119
135 798
885 1146
1128 754
563 172
387 1147
340 610
283 1148
678 1149
488 739
491 308
757 1150
295 1151
674 263
113 214
1085 1152
498 935
108 685
198 207
661 984
982 671
165 829
463 835
192 1083
512 258
113 1153
210 1154
411 506
318 881
591 983
562 629
1092 349
727 150
171 1155
181 891
183 102
753 1156
108 1157
131 1141
562 1158
398 575
515 327
166 907
814 663
523 560
437 182
631 152
177 439
276 844
1051 696
547 610
640 474
336 1071
1159 793
904 327
187 867
283 117
320 201
108 796
551 1160
193 372
350 540
341 262
502 541
698 1077
773 1087
751 374
181 477
1066 308
674 1161
254 1162
476 639
820 673
111 990
814 1028
183 596
346 201
118 1163
594 945
997 448
541 255
372 503
921 1164
167 151
361 308
927 1165
1166 1033
232 820
936 1167
203 275
369 838
156 395
272 1168
678 810
190 692
512 731
582 100
443 518
645 633
561 590
604 983
586 190
1169 718
419 458
449 363
1135 1043
207 942
248 630
491 841
1042 1157
606 1170
237 103
689 299
982 193
186 629
1171 789
174 720
463 1172
1173 1006
1139 728
885 851
893 630
120 308
953 363
347 245
512 581
181 971
953 1058
419 713
488 941
115 807
388 1174
1089 960
341 392
582 696
187 487
1027 1170
727 305
174 184
1139 138
837 1175
377 826
319 1176
340 873
893 1177
268 286
192 1178
189 202
620 1113
1179 130
874 318
1128 611
541 1180
669 689
979 1101
416 725
382 438
630 318
546 123
190 610
449 185
365 358
187 489
1181 181
369 1182
764 571
555 1112
244 700
718 651
839 885
214 447
108 442
139 292
320 691
183 1042
933 208
1183 1184
520 992
313 345
378 1185
535 353
502 824
1186 651
551 624
368 1187
687 512
406 1028
194 890
217 320
563 354
156 1188
534 208
273 466
678 548
382 796
933 1153
209 245
365 852
790 1189
668 1190
727 217
408 363
1191 283
685 1192
377 669
1193 1194
367 708
696 610
633 490
557 630
311 549
737 349
454 158
874 164
341 1195
1196 1197
172 1198
491 150
663 295
340 1199
556 275
227 258
953 966
308 875
613 967
982 244
977 275
764 1057
727 157
128 433
398 319
167 1009
676 692
1080 824
382 1200
921 399
645 1201
285 650
320 1037
493 769
1095 236
312 429
227 786
948 761
283 1062
939 1202
837 252
927 609
108 1203
295 1105
953 142
605 1204
929 1205
964 1088
300 972
1206 1207
576 1208
454 402
209 1195
147 285
225 317
1059 183
340 154
604 243
143 1209
1193 258
705 696
232 619
292 1094
145 813
320 630
1053 128
669 897
374 785
1210 1211
237 202
333 1212
250 1213
156 888
1009 734
184 379
158 557
716 244
333 935
368 236
104 1048
388 977
547 697
932 100
1214 951
595 1171
685 874
816 541
372 276
137 735
764 518
536 785
930 308
670 308
1215 181
100 658
487 318
520 851
372 1083
326 262
523 156
186 688
231 1216
933 131
130 1217
885 739
455 966
250 713
914 578
611 583
594 253
1218 1219
102 393
951 181
807 1146
322 1220
147 1202
516 1221
936 105
118 885
363 850
735 351
939 1201
340 106
1058 1212
1024 327
174 550
561 600
130 1065
357 746
250 1222
908 1223
594 600
620 956
1051 628
837 1224
374 646
300 1126
914 191
350 1225
593 937
116 382
727 918
561 152
368 566
242 485
307 374
982 564
693 261
594 670
1002 363
119 1153
454 401
404 450
609 921
214 709
721 1226
445 208
168 539
953 1217
367 480
116 140
637 1227
1228 663
665 205
320 1083
408 533
359 509
253 519
840 1229
454 906
591 1088
116 227
335 684
253 557
190 1036
929 360
312 578
642 924
342 834
837 217
711 601
229 1058
948 811
932 524
866 831
365 724
449 548
1230 436
936 233
270 616
1143 1231
727 729
491 143
205 1066
186 274
841 691
893 987
499 1034
244 1031
716 119
235 1046
512 470
172 1232
133 651
486 1009
1233 1018
1154 542
1092 164
491 375
253 418
372 1044
377 338
695 1234
346 957
156 1163
449 1232
605 693
508 685
404 1193
104 262
283 950
212 346
359 1235
372 1154
841 415
1236 953
102 793
562 1029
719 868
102 359
689 720
787 482
926 1200
742 1227
591 468
113 1122
227 671
640 1237
885 1064
510 1238
1192 345
207 897
382 707
421 354
118 244
139 1239
481 579
790 109
149 946
888 596
190 1218
681 1057
214 490
463 263
403 609
125 308
348 638
346 391
506 731
292 1038
593 197
853 975
1169 711
486 1238
270 1240
837 424
1024 512
1044 1241
108 703
232 339
1240 1242
154 181
186 873
606 1207
147 1095
255 461
146 127
746 132
367 501
408 1085
253 1243
184 852
237 738
283 727
972 883
775 1244
1245 277
1235 553
523 580
669 177
506 1033
156 1041
102 1246
591 761
997 1247
250 113
200 748
853 1016
923 327
1248 518
740 989
406 1144
232 404
252 554
108 1237
946 310
1013 882
186 766
167 569
131 791
1249 616
537 731
606 1250
108 344
264 161
1240 1024
1249 651
218 1024
1251 1252
463 654
708 327
651 965
562 1253
695 856
674 247
255 366
463 1078
186 426
521 253
1254 1255
179 1103
439 339
514 1155
352 1087
293 1256
254 791
1127 429
143 1039
368 451
363 440
1257 859
583 815
320 211
379 1258
979 544
1080 1208
939 1140
248 266
244 283
549 201
504 785
232 386
925 130
226 661
821 1139
504 1259
188 1159
329 796
158 112
939 584
196 1260
661 396
