circle0	71	215	54	61	298	229	81	253	193	97	264	29	132	110	163	259	183	334	245	222
circle1	173
circle2	155	99	327	140	116	147	144	150	270
circle3	51	83	237
circle4	125	344	295	257	55	122	223	59	268	280	84	156	258	236	250	239	69
circle5	23
circle6	337	289	93	17	111	52	137	343	192	35	326	310	214	32	115	321	209	312	41	20
circle7	225	46
circle8	282
circle9	336	204	74	206	292	146	154	164	279	73
circle10	42	14	216	2
circle11	324	265	54	161	298	76	165	199	203	13	66	113	97	252	313	238	158	240	331	332	134	218	118	235	311	151	308	212	70	211
circle12	278
circle13	138	131	68	143	86
circle14	175	227
circle15	108	208	251	125	325	176	133	276	198	271	288	316	96	246	347	121	7	3	170	323	56	338	23	109	141	67	345	55	114	122	50	304	318	65	15	45	317	322	26	31	168	124	285	255	129	40	172	274	95	207	128	339	233	1	294	280	224	269	256	60	328	189	146	77	196	64	286	89	22	39	190	281	117	38	213	135	197	291	21	315	261	47	36	186	169	342	49	9	16	185	219	123	72	309	103	157	277	105	139	148	248	341	62	98	63	297	242	10	152	236	308	82	87	136	200	183	247	290	303	319	6	314	104	127	25	69	171	119	79	340	301	188	142
circle16	251	94	330	5	34	299	254	24	180	194	281	101	266	135	197	173	36	9	85	57	37	258	309	80	139	202	187	249	58	127	48	92
circle17	90	52	172	126	294	179	145	105	210
circle18	177
circle19	93	33	333	17	137	44	343	326	214	115	312	41	20
circle20	244	282	262	293	220	174
circle21	12
circle22	267
circle23	28	149	162
circle24	1043	1045	1030	1252	1254	1368	1197	955	1111	1384
circle25	1410	1144	950	1385	1174	1087	563	1684	1676	1555	1549	389	1013	1251	1031	1421
circle26	1469	1504	1727	1183	1052	1807	913	1263	1690	1035	1531	1699	1444	1738	1745	1760	1429	987	1542
circle27	1320	1616	1025	976	651	1237	1223	566	1881	1080	0	1142	517	1155	1408	563	1692	1684	914	348	915	420	363	1487	606	1766	1549	366	1113	1679	1882	428	58	1114	1574	1332	1387	1767	1179
circle28	1177	1896	1053	1138	1057	1403	979	1016	1664	1607
circle29	1231	1060	1727	1099	1227	1158	1891	1635	1423	1691	1120	1413	1115	1215	1436	1899	1143	1381	1682	1257	1872	1036	1018	1875	1379	1418	1859	1261	1636	1828	1808	1448	1591	971	1515	1848	1015
circle30	526	1539	1579	1642	1852	1317	1585	1736	1554	1603	1572	946	1553	1191	1666	1547	1288	1494	929	1722	990	1329	1050	1048	1805	1182	1799	983	1195	1594	1144	1092	1112	927	925	1600	1146	1597	1584	1851	1198	1435	1619	1181	1184	1107	1724	1845	950	1344	1523	1054	1836	1140	1593	1827	1752	1522	1708	1367	1377	1608	1519	1116	1126	1641	1842	1726	1174	1026	1088	1087	1219	952	1073	1398	1735	980	1447	951	1620	1823	1132	1039	1272	1789	1678	1613	1612	1361	1411	1761	1793	1669	1172	1135	1886	1557	1098	1819	1540	1480	1750	967	1321	1391	1034	1422	1902	1049	1477	982	1151	1161	1029	1561	1271	1484	1559	1178	1697	1791	1683	1101	947	1803	978	1517	1588	1817	1293	1008	1684	1509	1653	1278	1710	961	1637	922	1242	920	1753	1846	1290	1058	1795	1470	1076	934	1250	1676	1617	1351	1614	1883	1369	1700	991	1719	1535	1746	921	1352	1441	1405	1376	1555	1460	1123	1416	1467	1644	1843	1079	1006	1074	1513	1792	1449	1450	1085	1458	1305	966	1128	1774	1867	1757	1380	414	1888	1730	1420	1758	1145	1086	1485	1149	1737	1800	1675	1003	1714	1056	916	996	1075	1769	1589	1796	1238	1431	1124	1471	1330	1702	1668	1721	906	1544	1610	1390	1084	1243	1865	1863	1765	1521	1201	926	1534	1701	1698	1532	1402	1663	1360	1809	1301	1528	1211	1209	1900	1365	1835	1291	1652	1689	1813	1838	1505	1089	1165	1524	1445	1283	1659	1312	1214	1623	1622	1327	1267	1269	923	1580	1816	1779	1251	1197	1861	1558	1193	1017	1375	1068	1643	1055	1069	1516	1877	1639	1811	1491	1520	1328	1551	1031	1717	1028	1833	1688	1421	1059	1563	1626	1564	1537	1723	1265	908	1110	1339	1384	1334	1621	1077
circle31	1658	1001	968	1337	1897	1439	1395	1562	922	1821	1133	1814	912	1442	1038	1769	1618	1657	1062	1818	1301	1012	1885	899	1780	908	1262
circle32	1097	938	1137	1118	1319	1747	903	1548	1424	1533	1468	1733	1568	992	1378	1232	1798	1363	958	963	1784	910	1186	1837	1371	1895	1216	1601	1787	901	1880	1629	1452	1333	1314
circle33	1043	1045	1030	1252	1254	1368	1197	955	1111	1384
circle34	1410	1144	950	1385	1174	1087	563	1684	1676	1555	1549	389	1013	1251	1031	1421
circle35	1469	1504	1727	1183	1052	1807	913	1263	1690	1035	1531	1699	1444	1738	1745	1760	1429	987	1542
circle36	1320	1616	1025	976	651	1237	1223	566	1881	1080	0	1142	517	1155	1408	563	1692	1684	914	348	915	420	363	1487	606	1766	1549	366	1113	1679	1882	428	58	1114	1574	1332	1387	1767	1179
circle37	1177	1896	1053	1138	1057	1403	979	1016	1664	1607
circle38	1231	1060	1727	1099	1227	1158	1891	1635	1423	1691	1120	1413	1115	1215	1436	1899	1143	1381	1682	1257	1872	1036	1018	1875	1379	1418	1859	1261	1636	1828	1808	1448	1591	971	1515	1848	1015
circle39	526	1539	1579	1642	1852	1317	1585	1736	1554	1603	1572	946	1553	1191	1666	1547	1288	1494	929	1722	990	1329	1050	1048	1805	1182	1799	983	1195	1594	1144	1092	1112	927	925	1600	1146	1597	1584	1851	1198	1435	1619	1181	1184	1107	1724	1845	950	1344	1523	1054	1836	1140	1593	1827	1752	1522	1708	1367	1377	1608	1519	1116	1126	1641	1842	1726	1174	1026	1088	1087	1219	952	1073	1398	1735	980	1447	951	1620	1823	1132	1039	1272	1789	1678	1613	1612	1361	1411	1761	1793	1669	1172	1135	1886	1557	1098	1819	1540	1480	1750	967	1321	1391	1034	1422	1902	1049	1477	982	1151	1161	1029	1561	1271	1484	1559	1178	1697	1791	1683	1101	947	1803	978	1517	1588	1817	1293	1008	1684	1509	1653	1278	1710	961	1637	922	1242	920	1753	1846	1290	1058	1795	1470	1076	934	1250	1676	1617	1351	1614	1883	1369	1700	991	1719	1535	1746	921	1352	1441	1405	1376	1555	1460	1123	1416	1467	1644	1843	1079	1006	1074	1513	1792	1449	1450	1085	1458	1305	966	1128	1774	1867	1757	1380	414	1888	1730	1420	1758	1145	1086	1485	1149	1737	1800	1675	1003	1714	1056	916	996	1075	1769	1589	1796	1238	1431	1124	1471	1330	1702	1668	1721	906	1544	1610	1390	1084	1243	1865	1863	1765	1521	1201	926	1534	1701	1698	1532	1402	1663	1360	1809	1301	1528	1211	1209	1900	1365	1835	1291	1652	1689	1813	1838	1505	1089	1165	1524	1445	1283	1659	1312	1214	1623	1622	1327	1267	1269	923	1580	1816	1779	1251	1197	1861	1558	1193	1017	1375	1068	1643	1055	1069	1516	1877	1639	1811	1491	1520	1328	1551	1031	1717	1028	1833	1688	1421	1059	1563	1626	1564	1537	1723	1265	908	1110	1339	1384	1334	1621	1077
circle40	1658	1001	968	1337	1897	1439	1395	1562	922	1821	1133	1814	912	1442	1038	1769	1618	1657	1062	1818	1301	1012	1885	899	1780	908	1262
circle41	1097	938	1137	1118	1319	1747	903	1548	1424	1533	1468	1733	1568	992	1378	1232	1798	1363	958	963	1784	910	1186	1837	1371	1895	1216	1601	1787	901	1880	1629	1452	1333	1314
circle42	475	373	461	391	376	524	348	436
circle43	378	412	513	475	438	669	553	373	514	558	651	431	683	614	461	506	544	668	363	400	542	637	391	566	559	395	428	500	606	604	591	567	607	374	465	580	496	376	492	370	524	641	423	601	394	676	107	348	515	590	674	563	483	434	436	561	556
circle44	649	558	594	173	428	427	604	567	607	107	348	563	667
circle45	611	603	597	579	592	684	677
circle46	647	583	661	578	576	615	600	595	582	599	500	635	632	675	662	670	628	658	643	659	577	665	681	640	650	627
circle47	631	584	602	639	678	682	660	616	679
circle48	622	631	621	611	596	636	584	680	625	619	620	609	588	618	573	629	666	603	597	637	672	612	602	589	579	639	664	678	575	685	623	644	592	682	684	574	617	626	641	655	605	601	653	630	654	598	107	590	677	674	616	633	483	679	638	422	663	657
circle49	783	717	837	843	797	728	831	803	823	705	763	820	748	824	745	856	697	804	730	709	849	719	737	755	817	836	765	716	769	782	747	774	770	718	841	792	720	781	808	838	764	819	807	708	840	698	852	780	814	809	687	828	830	754	759	739	827	815	700	758	787	798	779	835	703	790	741	793	832	812	805	775
circle50	722	771	768	782	747	813	746	854	733	786	789	698	691	806	742	850	757	833	736	816	743
circle51	776	722	788	796	823	725	707	856	771	782	818	746	732	802	699	702	733	819	714	786	789	698	712	806	810	822	833	839	689	791	767
circle52	796	729	710	735	769	761	762	825	692	811	850	753	715
circle53	783	837	843	797	728	772	803	823	705	820	853	824	745	856	697	752	821	730	709	849	777	719	737	695	755	845	817	693	836	701	716	747	731	774	770	718	834	760	800	792	720	781	706	808	713	838	694	764	847	819	688	807	708	840	773	844	698	724	810	778	780	766	814	809	687	828	830	754	739	827	726	815	758	787	798	779	835	696	703	790	741	793	812	805
circle54	705	851	698	828	798
circle55	783	823	705	745	697	818	774	800	781	764	708	789	698	721	809	811	805
circle56	801	744	785	846	841	749	759	739	815	775
circle57	823	705	856	697	704	752	836	747	774	770	841	706	749	708	698	750	809	811	739	757	827	815	758	798	740	790	775
circle58	734	722	772	788	796	725	784	853	729	824	707	697	704	756	752	849	848	777	719	695	755	845	817	701	771	716	769	744	785	768	782	731	813	799	818	774	770	746	732	760	846	802	800	699	854	792	702	781	713	723	694	764	733	826	847	714	688	786	708	762	789	698	738	724	691	712	721	690	806	810	751	780	766	814	822	742	828	830	850	727	753	827	726	815	842	798	711	794	833	736	835	795	839	696	816	743	689	791	829	767	805
circle59	717	852	798	855
circle60	705	725	771	818	802	702	714	691	806	822	850	839	791	805
circle61	783	797	728	803	705	763	820	745	821	730	849	719	737	755	836	716	747	799	770	841	720	781	808	826	708	698	814	809	739	827	758	787	798	790	741	793	832
circle62	783	717	837	843	728	772	823	705	824	745	856	697	801	821	709	719	737	755	836	716	747	800	702	781	808	749	838	694	708	789	698	852	780	814	809	822	828	827	815	758	787	798	779	835	790	791	812	805	855