circle0	2540	2047	2543	2332	2183	2094	1941
circle1	2014	2571	2009	2011	2657	1931	2639	2640	
circle2	2456
circle3	2108	2369	2046	2059
circle4	2439	2531	2185	2254	2548	2461	2558	2375	2219	2217	2621
circle5	2567	2026	2191	2153	2498	1959
circle6	1923	1947	2134
circle7	2125	2543	2502	2224	2516	2519	2582	2649	2298	2643	2295	2163
circle8	2283	2099	2304	2358	2247	2246	2555	2230	2461	2052
circle9	2523
circle10	2456	2047	2455	2543	2382	2204	2541	2437	2241	1985	2142	
circle11	2176	2186	2031	2310	2419	2209	1964	2557	2641	2318	1923	
circle12	2506	2573	2426	2561	2348	2098	2137
circle13	1956	2558	2528	2425
circle14	2142	2512	2560	2134