0 67
1 92 130
2 20 22 61
3 23 46
4 89 95
5 62 106
6 105
7 98
8 63 65 120
9 29 71
10 116 143
11 31
12 30 136 147
13 123 129
14 109
15 35 58 70
16 40 94 115
17 18 101 139
18 17 37 57
19 117
20 2 79 117 135
21 46 92
22 2 46 89 141
23 3 112
24 134
25 48 106
26 27 82
27 26 140
28 64 107 111 142
29 9 127
30 12 31 138
31 11 30 126
32 42
33 100 109
34 81 90
35 15 47 81 113
36 50 91
37 18
38 100 145
39 72
40 16 50 90
41 54 117
42 32 99
43 108
44 106 112 134
45 87 94
46 3 21 22
47 35 113
48 25 76
49 108
50 36 40
51 101
52 102 141
53 134
54 41 79
55 59
56 96
57 18 91 94
58 15
59 55 87
60 142
61 2 130 135
62 5 66
63 8 98
64 28 143
65 8 140
66 62 106
67 117
68 72 111
69 106
70 15
71 9 96 104
72 39 68 147
73 97 115
74 104 110
75 107 119
76 48 88
77 112
78 129 139
79 20 54
80 113
81 34 35
82 26 98
83 89 105
84 104
85 90 133
86 119
87 45 59
88 76 96
89 4 22 83 148
90 34 40 85 100
91 36 57
92 1 21
93 97
94 16 45 57 137
95 4
96 56 71 88
97 73 93 137
98 7 63 82 104
99 42 147
100 33 38 90 125 128
101 17 51
102 52
103 144
104 71 74 84 98 110
105 6 83 141
106 5 25 44 66 69
107 28 75
108 43 49 123
109 14 33
110 74 104 142
111 28 68
112 23 44 77 148
113 35 47 80
114 138
115 16 73
116 10 127 144
117 19 20 41 67
118 136
119 75 86 124 143
120 8 131
121 124
122 131
123 13 108
124 119 121 131
125 100 138
126 31 133 146
127 29 116
128 100 132
129 13 78 136
130 1 61
131 120 122 124
132 128
133 85 126
134 24 44 53
135 20 61
136 12 118 129
137 94 97
138 30 114 125
139 17 78
140 27 65
141 22 52 105
142 28 60 110
143 10 64 119
144 103 116
145 38 147
146 126
147 12 72 99 145
148 89 112
149 60
